Pycnonotus_penicillatus.asc
ncols         282
nrows         470
xllcorner     79.525
yllcorner     5.91666666666667
cellsize      0.00833333333333331
NODATA_value  -9999
[rows 297 to 323 of 470, columns 120 to 179 of 282]
1.7911E-2 2.51515E-2 3.76501E-2 3.96974E-2 4.30594E-2 4.27658E-2 3.91568E-2 3.58466E-2 3.33002E-2 3.33002E-2 3.06563E-2 3.28114E-2 3.56012E-2 3.83593E-2 3.8097E-2 3.77977E-2 4.07224E-2 4.38682E-2 4.01269E-2 6.22611E-2 7.63232E-2 1.17756E-1 1.85443E-1 1.83852E-1 1.16348E-1 6.40868E-2 9.01881E-2 1.42531E-1 3.43352E-1 4.36043E-1 4.45314E-1 4.40855E-1 4.76488E-1 5.12006E-1 4.93528E-1 4.56285E-1 4.29736E-1 4.56626E-1 3.37422E-1 3.06879E-1 2.52283E-1 1.9051E-1 1.31153E-1 1.14952E-1 1.21749E-1 1.56884E-1 9.35625E-2 1.37647E-2 4.07458E-3 2.70857E-3 2.25393E-3 1.88957E-3 1.72787E-3 1.64973E-3 1.65057E-3 1.61076E-3 1.66051E-3 1.90195E-3 2.36172E-3 2.02617E-3
2.51515E-2 2.04663E-2 3.71368E-2 3.97381E-2 4.00709E-2 3.91969E-2 3.64339E-2 3.56012E-2 3.30719E-2 3.28114E-2 3.04458E-2 3.0268E-2 3.25864E-2 3.25864E-2 3.48748E-2 3.48748E-2 3.48748E-2 3.78928E-2 3.72824E-2 4.01681E-2 6.90899E-2 9.37915E-2 1.29559E-1 1.49444E-1 6.34795E-2 4.74751E-2 9.42225E-2 1.69812E-1 1.93192E-1 3.51225E-1 4.52486E-1 4.56757E-1 4.08072E-1 4.42753E-1 4.52706E-1 4.13992E-1 4.5903E-1 4.86215E-1 3.75368E-1 3.22084E-1 2.84915E-1 2.69645E-1 2.08581E-1 1.2776E-1 1.53941E-1 2.03279E-1 1.09164E-1 1.50625E-2 6.42898E-3 4.12565E-3 3.56044E-3 2.25707E-3 2.95468E-3 1.91257E-3 1.56414E-3 1.61076E-3 1.66051E-3 1.76897E-3 2.18425E-3 2.15204E-3
3.21551E-2 2.36169E-2 3.15449E-2 3.97381E-2 4.25175E-2 3.91969E-2 3.89291E-2 3.56378E-2 3.53937E-2 3.51153E-2 3.0268E-2 2.80831E-2 2.78901E-2 2.78901E-2 3.00602E-2 3.01051E-2 3.19205E-2 3.43986E-2 3.76337E-2 4.08246E-2 4.82999E-2 1.07494E-1 2.29579E-1 1.62748E-1 7.46533E-2 5.13388E-2 1.01481E-1 1.48852E-1 2.30853E-1 3.15989E-1 4.13394E-1 4.14797E-1 3.3543E-1 3.87998E-1 3.83902E-1 3.85214E-1 4.23157E-1 4.64415E-1 4.64119E-1 3.65071E-1 3.23519E-1 2.86683E-1 2.27847E-1 1.56802E-1 2.17602E-1 2.13422E-1 1.44326E-1 2.76131E-2 9.98434E-3 8.47392E-3 4.67798E-3 3.43475E-3 1.20079E-2 2.67754E-3 1.65754E-3 1.61245E-3 1.66051E-3 1.75392E-3 1.85989E-3 2.09083E-3
2.81085E-2 3.42289E-2 4.75142E-2 4.64288E-2 4.6747E-2 4.25175E-2 4.54867E-2 4.19393E-2 3.81361E-2 3.56908E-2 3.21741E-2 2.76984E-2 2.76698E-2 2.56965E-2 2.76984E-2 2.75079E-2 2.96488E-2 3.17016E-2 3.43986E-2 3.76337E-2 4.3272E-2 5.20434E-2 8.20199E-2 1.56043E-1 1.2374E-1 5.86443E-2 4.19021E-2 7.94673E-2 1.5144E-1 3.01393E-1 2.59E-1 2.89795E-1 1.62534E-1 3.25377E-1 3.35064E-1 3.67876E-1 3.55079E-1 3.88389E-1 4.42848E-1 4.65976E-1 3.28883E-1 2.67788E-1 2.08989E-1 2.13671E-1 2.30511E-1 2.27479E-1 1.98096E-1 7.14555E-2 7.08425E-2 2.51955E-2 7.13758E-3 3.72299E-3 7.62124E-3 2.25112E-3 1.75904E-3 1.58759E-3 1.55759E-3 1.6057E-3 1.75665E-3 1.86084E-3
1.64191E-2 2.60116E-2 5.39076E-2 4.6747E-2 5.00038E-2 5.00038E-2 5.38528E-2 4.51769E-2 3.83987E-2 3.76163E-2 2.96488E-2 2.75079E-2 2.55197E-2 2.70625E-2 2.55197E-2 2.72906E-2 2.94148E-2 3.17016E-2 3.19682E-2 3.41279E-2 3.44499E-2 3.73763E-2 4.83978E-2 6.70296E-2 7.40446E-2 3.90415E-2 3.07769E-2 3.60606E-2 8.66595E-2 1.96458E-1 1.71233E-1 1.30147E-1 9.02086E-2 1.22399E-1 3.16225E-1 3.26337E-1 3.39445E-1 3.85451E-1 4.53738E-1 4.50718E-1 3.21042E-1 2.65679E-1 2.25004E-1 2.40586E-1 2.39993E-1 2.34286E-1 2.11796E-1 1.85268E-1 1.95415E-1 9.66107E-2 1.3924E-2 9.99269E-3 6.96933E-3 2.59017E-3 1.76462E-3 1.60115E-3 1.54836E-3 1.59451E-3 1.76115E-3 1.82827E-3
2.19131E-2 2.71149E-2 5.38528E-2 5.75895E-2 4.64288E-2 5.02632E-2 5.75895E-2 5.75895E-2 3.49465E-2 3.4434E-2 2.94451E-2 2.69041E-2 2.73188E-2 2.73188E-2 2.35103E-2 2.53441E-2 2.92127E-2 3.14841E-2 3.14841E-2 2.94587E-2 3.12359E-2 3.3894E-2 3.64849E-2 4.45684E-2 4.40224E-2 3.39445E-2 2.85558E-2 3.05342E-2 3.5777E-2 7.49792E-2 1.02974E-1 1.04814E-1 9.78246E-2 6.86709E-2 2.15751E-1 3.16215E-1 3.41608E-1 4.07085E-1 4.24437E-1 4.18306E-1 3.06533E-1 2.37453E-1 2.19027E-1 2.2368E-1 2.09942E-1 2.07955E-1 1.97849E-1 1.91365E-1 1.80199E-1 1.69278E-1 6.64248E-2 3.12276E-2 5.48093E-3 3.40013E-3 1.78155E-3 1.56217E-3 1.51967E-3 1.5666E-3 1.6133E-3 1.57099E-3
4.70731E-2 5.75895E-2 7.0367E-2 6.15768E-2 6.15768E-2 4.13688E-2 5.38528E-2 4.9664E-2 4.51769E-2 3.15165E-2 2.9273E-2 2.67191E-2 3.21741E-2 3.16869E-2 2.73188E-2 2.33483E-2 2.7103E-2 2.7131E-2 2.90121E-2 2.71435E-2 2.87831E-2 2.92564E-2 3.12359E-2 3.67741E-2 4.07828E-2 3.95805E-2 2.85558E-2 2.63106E-2 2.80937E-2 3.33048E-2 5.0012E-2 1.27506E-1 2.40287E-1 6.26739E-2 8.95179E-2 2.96139E-1 3.09003E-1 3.0441E-1 3.2459E-1 3.0123E-1 2.74316E-1 2.30601E-1 1.72194E-1 1.69843E-1 1.76979E-1 1.93354E-1 1.84046E-1 1.78234E-1 1.32458E-1 1.19631E-1 9.32881E-2 2.09128E-2 3.4793E-3 2.15339E-3 1.73636E-3 1.56217E-3 1.49377E-3 1.53757E-3 1.51489E-3 1.57502E-3
5.0352E-2 5.7648E-2 4.57309E-2 4.10255E-2 4.19823E-2 4.44974E-2 3.78754E-2 4.9664E-2 3.79143E-2 3.13003E-2 2.86015E-2 2.92429E-2 3.51514E-2 2.94451E-2 3.56378E-2 2.47871E-2 2.69444E-2 2.49964E-2 2.67315E-2 2.87831E-2 2.67039E-2 2.67315E-2 2.87831E-2 3.10215E-2 3.3894E-2 3.44145E-2 3.09896E-2 2.63106E-2 2.62835E-2 2.63106E-2 4.20459E-2 1.24304E-1 1.43226E-1 5.13779E-2 5.00045E-2 1.23002E-1 2.48594E-1 2.59939E-1 2.63205E-1 2.49113E-1 2.36364E-1 1.89979E-1 1.20906E-1 1.73434E-1 1.7962E-1 1.87703E-1 1.65309E-1 1.77841E-1 1.59556E-1 1.57658E-1 1.56319E-1 3.77363E-2 4.50886E-3 2.31447E-3 1.79595E-3 1.66035E-3 1.49377E-3 1.49857E-3 1.51719E-3 1.65983E-3
4.30397E-2 4.71212E-2 4.18772E-2 3.75605E-2 3.73036E-2 4.44974E-2 4.61598E-2 3.41981E-2 5.04033E-2 2.86443E-2 2.6575E-2 3.39132E-2 3.10391E-2 3.49106E-2 3.46715E-2 3.81361E-2 2.48243E-2 2.46279E-2 2.47986E-2 2.67315E-2 2.67315E-2 2.47986E-2 2.65202E-2 2.67039E-2 3.14517E-2 3.36271E-2 3.14986E-2 2.90255E-2 3.12037E-2 2.44078E-2 2.83304E-2 6.71978E-2 7.0954E-2 4.61886E-2 4.55617E-2 1.17817E-1 2.69751E-1 2.71832E-1 2.84161E-1 2.33113E-1 2.09571E-1 9.1609E-2 9.11774E-2 1.19372E-1 1.68179E-1 1.74463E-1 1.10439E-1 1.74483E-1 1.61851E-1 1.65243E-1 1.55783E-1 3.61263E-2 5.87651E-3 2.85016E-3 1.96676E-3 1.63646E-3 1.4574E-3 1.51137E-3 1.48907E-3 1.62907E-3
3.6077E-2 3.59203E-2 3.56744E-2 3.51875E-2 3.46715E-2 3.44694E-2 4.04671E-2 3.13325E-2 2.8405E-2 3.06145E-2 3.36808E-2 3.06145E-2 4.10864E-2 5.38528E-2 6.20865E-2 4.19393E-2 3.73207E-2 2.42536E-2 2.46279E-2 2.48358E-2 2.48358E-2 2.46279E-2 2.46025E-2 2.46025E-2 2.87534E-2 3.40928E-2 2.66764E-2 2.91961E-2 2.69013E-2 2.62835E-2 2.43826E-2 3.09592E-2 3.1291E-2 3.31203E-2 3.76735E-2 8.68674E-2 2.57673E-1 2.52156E-1 2.59249E-1 2.21262E-1 1.02683E-1 6.20218E-2 8.12618E-2 1.61268E-1 1.87486E-1 1.67861E-1 6.85951E-2 1.59084E-1 1.5753E-1 1.44287E-1 1.40727E-1 4.08074E-2 7.66205E-3 4.97912E-3 2.32542E-3 1.774E-3 1.56481E-3 1.47457E-3 1.4513E-3 1.4787E-3
3.58301E-2 3.59203E-2 3.51352E-2 3.43828E-2 3.41472E-2 3.17669E-2 3.44694E-2 3.13325E-2 2.64195E-2 2.62106E-2 2.84475E-2 4.16958E-2 6.58306E-2 8.15558E-2 1.06579E-1 6.15145E-2 3.41981E-2 3.10535E-2 2.88127E-2 2.44583E-2 2.28453E-2 2.28217E-2 2.28217E-2 2.27981E-2 2.45771E-2 2.91526E-2 2.66764E-2 2.27981E-2 2.64655E-2 2.87238E-2 2.43826E-2 2.62835E-2 5.21383E-2 4.59799E-2 3.77376E-2 8.87646E-2 2.5314E-1 2.76124E-1 2.41031E-1 2.21917E-1 7.8221E-2 4.93875E-2 7.14311E-2 1.3118E-1 1.7768E-1 1.15045E-1 4.63896E-2 1.38243E-1 1.5206E-1 1.07965E-1 9.55057E-2 6.7515E-2 9.84548E-3 8.28274E-3 2.48194E-3 1.7589E-3 1.53582E-3 1.38317E-3 1.4244E-3 1.80685E-3
3.64171E-2 3.33345E-2 3.2879E-2 3.43828E-2 3.22072E-2 3.19863E-2 3.13325E-2 2.88722E-2 2.64195E-2 3.42333E-2 4.16958E-2 7.0367E-2 1.16216E-1 1.17474E-1 1.12501E-1 7.51251E-2 5.43004E-2 3.79317E-2 3.10535E-2 2.65476E-2 2.92564E-2 2.94587E-2 2.46025E-2 2.28217E-2 2.11466E-2 2.29563E-2 2.47474E-2 2.47474E-2 2.66488E-2 2.45517E-2 2.45517E-2 2.43826E-2 5.35485E-2 3.83242E-2 5.10316E-2 9.74416E-2 2.5134E-1 2.75824E-1 2.41114E-1 1.97007E-1 4.41247E-2 4.44336E-2 1.22861E-1 1.53264E-1 1.59772E-1 5.57508E-2 2.76933E-2 1.20821E-1 1.47047E-1 8.66449E-2 5.96044E-2 8.10812E-2 1.30087E-2 1.1005E-2 3.07776E-3 1.91277E-3 1.5423E-3 1.37354E-3 1.38972E-3 2.69935E-3
4.71212E-2 3.64171E-2 3.8381E-2 3.46556E-2 3.22072E-2 3.17669E-2 2.90719E-2 2.82389E-2 2.60183E-2 3.7655E-2 5.04033E-2 8.66204E-2 1.27578E-1 8.6591E-2 6.57641E-2 4.82778E-2 4.55541E-2 4.04857E-2 3.70654E-2 2.88127E-2 2.94587E-2 3.46003E-2 3.2635E-2 3.94443E-2 2.68611E-2 2.12935E-2 2.09476E-2 2.11247E-2 3.97672E-2 2.68334E-2 2.27746E-2 2.26176E-2 2.62835E-2 3.8588E-2 7.88211E-2 1.86518E-1 2.40236E-1 2.4006E-1 2.15668E-1 1.53846E-1 4.04401E-2 3.70236E-2 1.12409E-1 1.53174E-1 1.16691E-1 4.29864E-2 2.10839E-2 1.08206E-1 1.3578E-1 6.98938E-2 3.41535E-2 2.66808E-2 1.15869E-2 1.99047E-2 5.53906E-3 1.88018E-3 1.54464E-3 1.3596E-3 1.36397E-3 1.9285E-3
4.39698E-2 3.35991E-2 3.92372E-2 3.54301E-2 3.2463E-2 3.41823E-2 3.39481E-2 3.11175E-2 2.80448E-2 5.39076E-2 8.03489E-2 1.13356E-1 1.28048E-1 1.12792E-1 8.02683E-2 6.20865E-2 6.20236E-2 6.15145E-2 4.45178E-2 3.78928E-2 4.19586E-2 3.51676E-2 3.46003E-2 2.91827E-2 2.49448E-2 2.4919E-2 2.27746E-2 2.45517E-2 2.98061E-2 4.97522E-2 2.49306E-2 2.43574E-2 3.39262E-2 4.35296E-2 9.83298E-2 2.01576E-1 1.80154E-1 2.27032E-1 2.1621E-1 8.65149E-2 3.11979E-2 3.3917E-2 5.88691E-2 9.92561E-2 5.26447E-2 4.36163E-2 1.88588E-2 6.48888E-2 1.24517E-1 4.49493E-2 2.25343E-2 1.11849E-2 5.70069E-3 1.60075E-2 4.76324E-3 2.07316E-3 1.59933E-3 1.42858E-3 1.35012E-3 1.50973E-3
3.7175E-2 3.6668E-2 4.44612E-2 3.92372E-2 3.92774E-2 3.49465E-2 3.49465E-2 3.13325E-2 2.86738E-2 4.11285E-2 9.25105E-2 1.22122E-1 1.36989E-1 1.28398E-1 1.12578E-1 9.89763E-2 1.11107E-1 8.67944E-2 5.80082E-2 4.9349E-2 4.11053E-2 3.15311E-2 2.83596E-2 2.63106E-2 2.87534E-2 2.45771E-2 2.49563E-2 3.53374E-2 2.45517E-2 3.42927E-2 4.77031E-2 2.47589E-2 3.14229E-2 3.77611E-2 9.14807E-2 1.02926E-1 7.3259E-2 2.13104E-1 2.05215E-1 5.60087E-2 2.41168E-2 3.39591E-2 6.78951E-2 9.0153E-2 2.90109E-2 2.57664E-2 1.73916E-2 5.81841E-2 1.21191E-1 3.5498E-2 1.26105E-2 7.14484E-3 5.45383E-3 7.40987E-3 3.30732E-3 2.09969E-3 1.61811E-3 1.41073E-3 1.3145E-3 1.38846E-3
3.16099E-2 3.69586E-2 4.07072E-2 4.34884E-2 3.87027E-2 3.81753E-2 3.49825E-2 3.11175E-2 3.09039E-2 3.11175E-2 6.64413E-2 9.25105E-2 1.26765E-1 1.43152E-1 1.28772E-1 1.22194E-1 1.32172E-1 1.22053E-1 8.75029E-2 7.08752E-2 4.9349E-2 4.05044E-2 3.44145E-2 3.09896E-2 2.94284E-2 4.24501E-2 3.21228E-2 3.83376E-2 3.18696E-2 3.1387E-2 6.81537E-2 4.67673E-2 2.09573E-2 2.43939E-2 6.51007E-2 3.07292E-2 3.81055E-2 1.35896E-1 6.51333E-2 2.67556E-2 2.28464E-2 3.15514E-2 5.93873E-2 3.9558E-2 2.51812E-2 9.69702E-3 1.06313E-2 3.53246E-2 8.11652E-2 1.48705E-2 9.86761E-3 9.8487E-3 6.55062E-3 3.27172E-3 2.62169E-3 1.73077E-3 1.79673E-3 1.49497E-3 1.39944E-3 1.36273E-3
3.22694E-2 3.1393E-2 4.75628E-2 3.95476E-2 3.2463E-2 3.20193E-2 3.17996E-2 3.17996E-2 3.04357E-2 2.82811E-2 4.4915E-2 7.10182E-2 1.09426E-1 1.30898E-1 1.32259E-1 1.32692E-1 1.3682E-1 1.33223E-1 1.2847E-1 1.22671E-1 1.183E-1 8.11704E-2 5.40946E-2 4.16296E-2 3.12037E-2 3.75007E-2 4.60396E-2 4.59926E-2 3.80364E-2 2.70596E-2 5.18147E-2 4.76096E-2 4.13846E-2 1.94837E-2 4.23086E-2 3.16345E-2 2.65999E-2 5.36266E-2 1.05508E-1 2.67738E-2 2.10153E-2 3.20838E-2 3.33535E-2 1.60004E-2 1.47941E-2 8.80408E-3 8.09625E-3 2.05707E-2 5.75875E-2 6.89182E-3 8.12951E-3 1.16997E-2 3.7182E-3 3.43671E-3 1.88614E-3 1.52242E-3 1.52828E-3 1.34946E-3 1.3735E-3 1.35324E-3
3.85168E-2 3.45359E-2 4.06469E-2 3.95071E-2 3.26872E-2 3.17669E-2 3.13325E-2 2.91019E-2 2.84768E-2 2.82811E-2 3.63844E-2 5.81261E-2 1.09426E-1 1.1963E-1 1.29381E-1 1.17388E-1 1.18437E-1 1.16445E-1 1.24519E-1 1.52655E-1 1.56464E-1 1.23313E-1 8.93293E-2 6.24736E-2 4.16296E-2 3.75565E-2 5.10377E-2 5.8771E-2 5.10201E-2 4.15444E-2 4.60859E-2 6.20401E-2 3.87386E-2 1.96191E-2 3.79073E-2 2.92092E-2 2.45658E-2 2.46509E-2 2.46488E-2 1.92622E-2 2.2814E-2 4.48753E-2 1.59475E-2 1.54907E-2 9.97441E-3 8.17513E-3 6.27417E-3 1.60522E-2 3.55046E-2 4.91123E-3 4.4951E-3 4.42427E-3 2.96423E-3 3.17527E-3 1.85119E-3 1.49264E-3 1.4535E-3 1.37488E-3 1.47628E-3 1.43606E-3
4.12127E-2 4.40928E-2 4.40928E-2 4.09871E-2 4.04292E-2 3.26872E-2 2.93032E-2 3.13325E-2 3.11175E-2 3.06918E-2 4.02917E-2 5.23999E-2 7.09467E-2 1.09426E-1 1.19995E-1 1.19513E-1 1.10199E-1 1.10199E-1 1.14617E-1 1.39765E-1 1.66336E-1 1.51173E-1 1.55097E-1 1.37143E-1 7.58954E-2 4.91982E-2 5.37066E-2 6.68192E-2 7.32532E-2 4.50592E-2 5.48482E-2 7.08224E-2 3.83159E-2 1.6699E-2 2.47448E-2 1.63036E-2 1.75138E-2 1.63282E-2 2.67541E-2 1.91621E-2 1.90365E-2 3.678E-2 1.15327E-2 8.01247E-3 6.5279E-3 5.99163E-3 5.50508E-3 6.08214E-3 5.25995E-3 3.29278E-3 2.60243E-3 2.56197E-3 2.33218E-3 2.29779E-3 1.78323E-3 1.87584E-3 1.58067E-3 1.48951E-3 1.66831E-3 1.64723E-3
3.57432E-2 5.04547E-2 5.04547E-2 4.39698E-2 4.07072E-2 4.31477E-2 3.51875E-2 3.44694E-2 3.42333E-2 3.09039E-2 3.71969E-2 4.91136E-2 6.63742E-2 8.65338E-2 1.10308E-1 1.1688E-1 1.09318E-1 1.12309E-1 1.11375E-1 1.24723E-1 1.47912E-1 1.70736E-1 1.59287E-1 1.3852E-1 1.22431E-1 7.13149E-2 6.61064E-2 5.83114E-2 5.76716E-2 6.18142E-2 6.32783E-2 7.63104E-2 5.97912E-2 2.47448E-2 1.6699E-2 1.42103E-2 1.41119E-2 1.40353E-2 1.90974E-2 1.26882E-2 1.0668E-2 1.16612E-2 9.09397E-3 8.33855E-3 6.49071E-3 6.74372E-3 6.167E-3 8.08921E-3 9.43117E-3 4.16746E-3 2.93263E-3 2.8475E-3 2.26234E-3 2.12138E-3 2.77479E-3 2.88048E-3 1.67916E-3 1.58067E-3 1.99106E-3 1.77048E-3
3.593E-2 4.75628E-2 7.10899E-2 5.04547E-2 4.71212E-2 4.34439E-2 3.87027E-2 3.84381E-2 3.42333E-2 3.11175E-2 4.43049E-2 7.10182E-2 6.21494E-2 6.63742E-2 8.10071E-2 9.85832E-2 1.11412E-1 1.1764E-1 1.18808E-1 1.21664E-1 1.3437E-1 1.51724E-1 1.43246E-1 1.40141E-1 1.30398E-1 1.15629E-1 7.61344E-2 6.16645E-2 5.30586E-2 7.72629E-2 1.08198E-1 1.0283E-1 1.24759E-1 4.90576E-2 3.12004E-2 2.62414E-2 1.65391E-2 1.62867E-2 1.48892E-2 1.60523E-2 1.58296E-2 1.45172E-2 9.56008E-3 9.38004E-3 7.27751E-3 8.52337E-3 6.19111E-3 1.8411E-2 5.23754E-2 7.99033E-3 3.1519E-3 4.52723E-3 6.48777E-3 3.54449E-3 6.43137E-3 7.65205E-3 2.10699E-3 1.66746E-3 1.84594E-3 2.0453E-3
2.56219E-2 5.39076E-2 6.65085E-2 4.75628E-2 5.04547E-2 4.00936E-2 3.54301E-2 3.22072E-2 3.19863E-2 3.44694E-2 5.7648E-2 7.10182E-2 7.58947E-2 7.58185E-2 7.51251E-2 9.85832E-2 1.16535E-1 1.25361E-1 1.33007E-1 1.27725E-1 1.30778E-1 1.3286E-1 1.31108E-1 1.2582E-1 1.27132E-1 1.1772E-1 7.55141E-2 6.65849E-2 6.65849E-2 7.60579E-2 1.15008E-1 1.54241E-1 1.55544E-1 1.37727E-1 1.13627E-1 1.29098E-1 3.41049E-2 2.13414E-2 1.63112E-2 4.28237E-2 2.72982E-2 1.34765E-2 9.4802E-3 7.34E-3 7.65886E-3 9.40684E-3 9.84122E-3 3.16212E-2 6.79763E-2 1.53571E-2 7.31651E-3 3.85472E-3 1.14854E-2 1.06026E-2 1.14594E-2 5.35428E-3 1.85339E-3 1.75345E-3 2.03746E-3 2.1727E-3
1.93158E-2 4.11705E-2 7.59711E-2 3.82488E-2 4.15575E-2 3.69586E-2 3.26049E-2 3.60107E-2 4.64762E-2 5.44109E-2 7.58947E-2 8.10884E-2 9.86811E-2 9.25105E-2 8.58328E-2 9.23264E-2 1.13435E-1 1.17586E-1 1.30426E-1 1.42217E-1 1.31829E-1 1.24849E-1 1.18575E-1 1.15892E-1 1.12723E-1 8.68922E-2 7.54382E-2 9.27076E-2 9.93834E-2 8.68628E-2 1.1586E-1 1.55658E-1 2.09538E-1 2.16596E-1 1.90838E-1 1.52599E-1 5.33393E-2 1.97119E-2 2.1106E-2 5.62995E-2 3.96056E-2 2.54568E-2 9.96601E-3 7.78227E-3 7.61089E-3 1.33415E-2 2.52934E-2 6.79283E-2 9.65572E-2 4.8641E-2 1.47841E-2 4.32524E-3 6.51465E-3 3.00498E-2 2.16298E-2 7.29523E-3 2.15608E-3 1.93981E-3 2.16438E-3 2.15067E-3
2.93295E-2 3.5994E-2 1.05447E-1 4.75628E-2 3.20151E-2 3.16099E-2 3.35645E-2 4.28534E-2 6.22124E-2 7.58947E-2 8.66204E-2 9.87791E-2 1.10522E-1 1.10522E-1 1.05343E-1 9.24184E-2 1.11412E-1 1.19596E-1 1.3096E-1 1.43352E-1 1.4139E-1 1.26861E-1 1.18018E-1 1.11083E-1 1.08888E-1 8.61024E-2 1.0567E-1 1.24114E-1 1.28021E-1 1.23229E-1 1.22012E-1 1.45289E-1 1.92756E-1 2.15077E-1 1.86179E-1 1.55452E-1 4.78685E-2 2.10526E-2 2.26112E-2 4.57337E-2 4.2989E-2 2.09974E-2 1.32291E-2 9.79526E-3 1.01669E-2 1.25808E-2 5.64316E-2 9.78566E-2 9.67844E-2 6.98802E-2 4.16783E-2 1.04374E-2 4.24832E-3 1.15169E-2 1.9141E-2 4.52463E-3 2.29038E-3 2.25661E-3 3.08689E-3 2.26529E-3
5.7648E-2 7.10899E-2 9.88772E-2 4.40478E-2 3.27166E-2 3.42131E-2 3.6668E-2 5.39076E-2 9.25105E-2 1.09534E-1 1.09534E-1 1.09426E-1 1.1253E-1 1.13547E-1 1.19713E-1 1.1446E-1 1.10413E-1 1.1538E-1 1.26067E-1 1.39904E-1 1.50995E-1 1.33171E-1 1.22204E-1 1.14123E-1 1.11977E-1 1.08888E-1 1.10864E-1 1.20473E-1 1.30598E-1 1.40934E-1 1.28666E-1 1.40704E-1 1.69703E-1 1.96154E-1 1.73829E-1 1.3223E-1 4.78685E-2 2.29498E-2 2.46682E-2 3.37513E-2 3.11357E-2 2.95083E-2 3.23167E-2 1.16668E-2 1.85295E-2 1.72603E-2 5.71232E-2 9.34673E-2 8.93096E-2 7.57744E-2 4.49477E-2 1.2313E-2 4.9153E-3 1.55399E-2 3.57627E-2 6.1218E-3 2.54568E-3 2.31978E-3 3.00711E-3 2.74417E-3
5.39076E-2 6.65085E-2 5.77065E-2 5.81852E-2 3.8409E-2 3.73754E-2 4.03279E-2 5.7648E-2 8.11697E-2 1.09534E-1 9.25105E-2 9.16722E-2 1.09426E-1 1.14573E-1 1.17701E-1 1.21877E-1 1.1446E-1 1.1642E-1 1.26067E-1 1.39293E-1 1.5147E-1 1.52193E-1 1.31745E-1 1.20318E-1 1.17009E-1 1.1401E-1 1.15964E-1 1.11867E-1 1.19881E-1 1.33072E-1 1.3865E-1 1.35008E-1 1.47951E-1 1.6401E-1 1.45061E-1 9.61715E-2 3.64062E-2 2.48649E-2 3.40699E-2 3.08907E-2 4.53865E-2 7.00288E-2 3.46455E-2 2.49561E-2 7.14402E-2 7.83858E-2 7.22451E-2 9.35958E-2 8.65136E-2 4.39593E-2 1.65104E-2 8.35328E-3 4.88398E-3 1.48217E-2 3.4761E-2 6.77075E-3 2.68133E-3 4.16672E-3 2.97212E-3 4.86998E-3
6.59638E-2 8.6707E-2 9.88772E-2 8.6707E-2 4.12127E-2 4.36827E-2 4.10975E-2 6.22124E-2 7.0438E-2 7.0438E-2 9.87791E-2 1.12641E-1 1.13547E-1 1.17586E-1 1.16649E-1 1.19713E-1 1.23955E-1 1.2619E-1 1.29612E-1 1.42765E-1 1.5728E-1 1.53487E-1 1.35639E-1 1.28209E-1 1.28805E-1 1.21162E-1 1.25252E-1 1.18178E-1 1.24863E-1 1.33159E-1 1.32557E-1 1.25581E-1 1.20346E-1 1.26206E-1 1.19971E-1 6.69313E-2 3.16151E-2 4.03758E-2 6.21573E-2 4.00589E-2 5.73137E-2 4.79667E-2 2.62531E-2 5.91267E-2 1.12363E-1 1.06008E-1 8.5855E-2 9.16487E-2 8.53177E-2 6.08579E-2 1.26904E-2 8.74199E-3 1.195E-2 1.68318E-2 3.12858E-2 5.79319E-3 3.02981E-3 4.05485E-3 2.63609E-3 6.13215E-3
