Pycnonotus_penicillatus.asc
ncols         282
nrows         470
xllcorner     79.525
yllcorner     5.91666666666667
cellsize      0.00833333333333331
NODATA_value  -9999
[rows 297 to 323 of 470, columns 60 to 119 of 282]
4.94824E-3 4.94824E-3 4.94824E-3 5.35505E-3 5.35505E-3 5.35505E-3 5.35505E-3 5.35505E-3 5.73676E-3 5.80125E-3 5.79521E-3 5.73676E-3 5.79521E-3 5.35505E-3 5.46143E-3 5.46143E-3 5.35505E-3 5.35505E-3 4.95341E-3 4.97324E-3 5.39886E-3 5.89131E-3 6.52782E-3 6.98554E-3 5.94662E-3 7.09339E-3 7.02189E-3 7.06402E-3 8.91341E-3 8.95208E-3 8.27315E-3 7.64552E-3 6.95662E-3 5.92199E-3 5.92199E-3 5.89131E-3 5.87303E-3 6.30309E-3 7.35169E-3 7.9553E-3 8.10467E-3 7.34403E-3 6.85159E-3 6.85159E-3 6.85159E-3 8.01467E-3 7.33193E-3 8.67248E-3 9.20159E-3 1.19997E-2 1.53481E-2 1.91338E-2 1.50506E-2 1.19872E-2 1.53321E-2 1.40305E-2 1.51782E-2 2.21212E-2 2.04663E-2 1.9114E-2
5.30103E-3 5.30103E-3 5.35505E-3 5.30103E-3 5.35505E-3 5.35505E-3 5.35505E-3 5.35505E-3 5.35505E-3 5.79521E-3 6.27797E-3 5.80125E-3 5.35505E-3 5.35505E-3 5.46143E-3 5.35505E-3 5.36019E-3 4.95816E-3 4.97324E-3 4.99394E-3 5.38896E-3 5.495E-3 5.96513E-3 5.97136E-3 5.98995E-3 6.1089E-3 7.7734E-3 6.50907E-3 6.6383E-3 7.74123E-3 1.04674E-2 9.04314E-3 7.06402E-3 5.97136E-3 5.94043E-3 5.92199E-3 6.38206E-3 7.35874E-3 8.10467E-3 7.49758E-3 8.77898E-3 6.79372E-3 6.85159E-3 7.41429E-3 6.84445E-3 7.27001E-3 8.02303E-3 1.01536E-2 1.0986E-2 1.01536E-2 1.0986E-2 1.50506E-2 1.39124E-2 1.27173E-2 1.10794E-2 1.18739E-2 1.51782E-2 1.9114E-2 2.34611E-2 2.21212E-2
4.99564E-3 4.94824E-3 4.99564E-3 4.99564E-3 5.35505E-3 5.35505E-3 5.35505E-3 5.35505E-3 5.35505E-3 5.79521E-3 5.80125E-3 5.35505E-3 5.04656E-3 5.04656E-3 5.46667E-3 5.50611E-3 5.06677E-3 4.97324E-3 5.44388E-3 5.46653E-3 5.09966E-3 5.51211E-3 6.02114E-3 6.08248E-3 6.01486E-3 7.25094E-3 9.85856E-3 7.18222E-3 6.18544E-3 6.60959E-3 9.8358E-3 1.12786E-2 9.05256E-3 6.13431E-3 5.64499E-3 5.97136E-3 5.94662E-3 6.38206E-3 7.35874E-3 6.8209E-3 7.49758E-3 6.39595E-3 6.33146E-3 6.85159E-3 6.78664E-3 7.40657E-3 7.40657E-3 8.01467E-3 1.12036E-2 1.12036E-2 1.00514E-2 1.00514E-2 1.0986E-2 1.0041E-2 1.18862E-2 1.37584E-2 1.51782E-2 1.78502E-2 2.70664E-2 3.84773E-2
4.94824E-3 4.94824E-3 4.94824E-3 4.99564E-3 5.04656E-3 5.35505E-3 5.04656E-3 5.04656E-3 4.95341E-3 5.35505E-3 5.46143E-3 5.36064E-3 5.04656E-3 5.04656E-3 5.50611E-3 5.55781E-3 5.10903E-3 5.13028E-3 5.15163E-3 5.17307E-3 5.51211E-3 5.56387E-3 6.59748E-3 6.21116E-3 6.21116E-3 7.24205E-3 8.55214E-3 7.24205E-3 7.31135E-3 6.21116E-3 6.15868E-3 6.18544E-3 6.18544E-3 6.04618E-3 5.66847E-3 6.01486E-3 5.97136E-3 7.03608E-3 7.51973E-3 6.45498E-3 6.3568E-3 6.284E-3 6.27143E-3 6.33146E-3 6.78664E-3 6.85159E-3 8.67248E-3 8.76984E-3 1.03548E-2 1.21216E-2 1.19872E-2 1.28597E-2 1.27173E-2 1.0986E-2 1.18739E-2 1.19872E-2 1.29689E-2 1.53321E-2 1.9114E-2 2.65162E-2
4.94824E-3 4.94824E-3 4.99564E-3 5.04656E-3 5.35505E-3 5.46143E-3 5.35505E-3 5.04656E-3 4.95341E-3 5.0039E-3 5.04656E-3 5.04656E-3 5.04656E-3 5.05141E-3 5.08785E-3 5.13028E-3 5.13028E-3 5.51786E-3 5.19459E-3 5.56387E-3 5.58702E-3 5.61026E-3 6.77746E-3 6.78453E-3 6.77746E-3 7.4473E-3 9.39656E-3 8.02539E-3 6.81274E-3 6.33333E-3 6.12194E-3 6.237E-3 6.237E-3 5.73951E-3 5.71573E-3 6.04618E-3 6.02114E-3 5.9962E-3 5.97136E-3 6.0396E-3 5.98967E-3 5.95864E-3 5.91598E-3 6.33146E-3 6.85159E-3 7.41429E-3 1.03548E-2 1.02675E-2 1.01642E-2 1.91536E-2 2.06822E-2 1.66027E-2 1.51782E-2 1.29689E-2 1.29689E-2 1.29689E-2 1.40305E-2 1.40305E-2 1.40305E-2 1.51782E-2
4.94824E-3 5.04656E-3 5.04656E-3 4.99564E-3 5.35505E-3 5.04656E-3 5.04656E-3 5.0039E-3 5.0039E-3 5.0039E-3 5.0039E-3 5.04656E-3 5.06677E-3 5.08785E-3 5.10903E-3 5.13028E-3 5.59728E-3 6.13318E-3 5.71573E-3 5.28711E-3 5.28159E-3 5.65703E-3 6.29554E-3 7.43366E-3 6.8695E-3 6.8695E-3 8.20356E-3 6.93945E-3 5.84169E-3 5.81143E-3 6.23584E-3 6.23584E-3 6.26293E-3 5.78736E-3 6.12194E-3 6.09658E-3 6.60959E-3 6.61771E-3 8.27338E-3 6.55618E-3 6.0396E-3 6.45498E-3 5.95864E-3 6.33754E-3 6.85159E-3 7.41429E-3 9.58002E-3 8.76984E-3 8.84447E-3 9.57005E-3 1.31142E-2 2.69159E-2 2.90546E-2 2.04663E-2 1.78687E-2 2.53551E-2 2.71428E-2 2.69528E-2 1.77605E-2 1.77605E-2
4.94824E-3 4.94824E-3 4.99564E-3 4.99564E-3 5.35505E-3 5.04656E-3 5.0039E-3 4.95341E-3 5.04656E-3 5.04656E-3 5.05141E-3 5.09317E-3 5.18798E-3 5.13028E-3 5.17307E-3 5.19459E-3 5.29682E-3 6.2435E-3 6.29554E-3 5.7934E-3 5.3312E-3 5.81143E-3 5.92576E-3 6.43934E-3 6.37441E-3 5.9504E-3 6.92674E-3 5.86599E-3 6.89806E-3 6.89806E-3 6.86234E-3 6.8695E-3 7.33274E-3 6.28898E-3 6.26293E-3 6.1843E-3 7.22093E-3 8.36759E-3 9.49921E-3 7.62181E-3 7.04342E-3 8.26545E-3 6.38323E-3 6.3568E-3 6.45718E-3 7.48977E-3 8.85368E-3 8.76984E-3 1.01642E-2 1.12036E-2 1.03548E-2 2.53813E-2 7.59711E-2 5.04033E-2 2.71708E-2 4.0787E-2 5.38528E-2 5.04033E-2 3.23772E-2 3.47384E-2
4.94824E-3 4.94824E-3 4.94824E-3 4.95341E-3 5.04656E-3 5.04656E-3 5.0039E-3 5.0039E-3 5.04656E-3 5.95754E-3 5.16648E-3 5.57512E-3 5.23125E-3 5.25301E-3 5.21621E-3 5.24338E-3 5.36321E-3 5.76338E-3 6.32172E-3 6.3414E-3 5.92576E-3 5.85988E-3 6.02607E-3 6.02607E-3 6.05114E-3 5.90873E-3 5.97515E-3 6.42754E-3 7.02636E-3 8.11096E-3 9.47475E-3 8.06899E-3 7.50934E-3 6.41267E-3 6.84106E-3 6.28898E-3 8.47075E-3 8.44605E-3 8.96165E-3 8.95307E-3 7.17573E-3 7.01426E-3 6.53704E-3 6.38323E-3 6.92136E-3 7.49758E-3 7.48977E-3 8.18219E-3 1.12153E-2 1.21216E-2 1.01536E-2 1.31142E-2 3.5957E-2 6.58972E-2 4.71212E-2 4.11705E-2 4.36381E-2 4.66836E-2 5.04033E-2 5.38528E-2
5.0039E-3 5.04656E-3 5.04656E-3 5.04656E-3 5.04656E-3 5.0039E-3 5.04656E-3 5.43695E-3 5.06677E-3 5.66126E-3 5.20957E-3 5.15163E-3 5.27487E-3 5.69205E-3 5.2652E-3 5.36321E-3 5.30911E-3 5.81143E-3 5.8356E-3 5.9504E-3 6.57555E-3 5.97515E-3 6.00001E-3 6.02496E-3 6.07631E-3 6.4811E-3 6.10158E-3 7.69855E-3 7.0849E-3 8.33205E-3 9.5536E-3 8.86592E-3 7.57189E-3 6.92674E-3 6.9683E-3 6.3414E-3 7.34174E-3 9.036E-3 9.7161E-3 9.78602E-3 7.65349E-3 7.17573E-3 7.52757E-3 6.50199E-3 6.928E-3 6.92136E-3 7.41429E-3 7.41429E-3 8.10467E-3 9.57005E-3 1.03548E-2 9.39379E-3 1.18862E-2 1.78687E-2 3.35989E-2 4.11705E-2 4.08288E-2 3.84773E-2 3.82096E-2 4.08844E-2
5.04656E-3 5.04656E-3 5.04656E-3 5.0039E-3 5.0039E-3 5.04656E-3 5.95754E-3 6.17757E-3 5.66126E-3 5.62747E-3 5.6216E-3 5.20002E-3 5.69205E-3 5.34099E-3 5.43143E-3 5.9515E-3 6.00111E-3 5.45302E-3 6.02607E-3 6.60289E-3 6.07631E-3 6.02496E-3 5.95799E-3 5.63822E-3 6.6856E-3 9.26937E-3 6.62913E-3 6.60167E-3 6.53512E-3 7.21229E-3 8.46061E-3 8.29605E-3 7.69997E-3 7.60336E-3 7.05687E-3 6.9683E-3 7.47826E-3 9.94798E-3 1.22574E-2 9.02618E-3 9.01678E-3 7.71866E-3 7.0727E-3 6.59152E-3 7.49696E-3 7.56143E-3 8.94375E-3 8.11312E-3 8.76984E-3 8.76984E-3 1.02675E-2 1.01642E-2 1.01536E-2 1.12036E-2 2.19358E-2 4.11705E-2 4.12127E-2 3.84773E-2 3.73754E-2 3.7175E-2
5.04656E-3 5.04656E-3 5.04656E-3 5.05183E-3 5.04656E-3 5.05141E-3 5.55202E-3 5.66126E-3 5.59831E-3 5.6216E-3 5.27487E-3 5.3642E-3 5.34099E-3 5.85242E-3 6.43934E-3 6.00111E-3 6.05745E-3 5.49849E-3 5.93331E-3 6.65792E-3 6.05002E-3 6.07519E-3 5.66167E-3 6.12583E-3 6.81706E-3 9.38532E-3 7.33295E-3 6.21019E-3 6.65669E-3 6.65669E-3 8.39988E-3 8.36513E-3 8.33052E-3 8.42561E-3 8.29758E-3 8.28703E-3 8.75798E-3 1.00724E-2 1.23948E-2 1.22574E-2 1.14563E-2 8.40235E-3 7.67729E-3 7.13294E-3 8.10467E-3 8.11312E-3 8.94375E-3 1.04819E-2 1.02782E-2 1.02675E-2 1.12153E-2 1.30038E-2 1.11092E-2 1.21216E-2 2.71708E-2 3.33189E-2 4.11705E-2 4.11705E-2 4.10975E-2 3.7175E-2
5.04656E-3 5.04656E-3 5.05183E-3 5.05668E-3 5.06677E-3 5.02393E-3 5.10903E-3 5.55099E-3 5.7322E-3 5.75605E-3 5.3642E-3 5.85242E-3 5.36321E-3 5.84169E-3 6.03236E-3 5.91489E-3 5.56843E-3 5.9642E-3 6.12696E-3 6.15244E-3 6.17803E-3 6.17803E-3 6.1513E-3 6.22952E-3 6.25543E-3 7.46931E-3 7.32396E-3 6.28144E-3 6.25543E-3 6.71216E-3 7.26345E-3 7.29499E-3 7.79492E-3 9.67308E-3 1.03819E-2 9.00434E-3 1.02113E-2 1.16818E-2 1.14216E-2 1.23819E-2 1.13292E-2 8.37669E-3 7.24472E-3 7.67729E-3 7.70081E-3 8.10467E-3 9.48933E-3 1.32749E-2 1.21542E-2 1.0471E-2 1.0471E-2 1.13292E-2 1.30173E-2 1.5364E-2 1.56514E-2 2.19585E-2 3.56578E-2 5.44109E-2 5.39076E-2 4.44612E-2
5.04656E-3 5.04656E-3 5.12375E-3 5.55781E-3 5.11436E-3 5.10903E-3 5.15701E-3 7.54055E-3 8.26173E-3 5.87785E-3 5.82818E-3 5.87677E-3 5.40793E-3 5.52239E-3 6.08265E-3 6.02496E-3 5.6441E-3 6.15244E-3 6.03893E-3 6.76934E-3 7.56422E-3 6.82575E-3 6.28144E-3 6.30757E-3 6.40499E-3 8.18369E-3 1.0282E-2 6.88262E-3 7.38497E-3 7.35441E-3 8.70971E-3 9.34651E-3 8.6378E-3 7.98261E-3 9.09083E-3 9.71503E-3 9.69259E-3 1.02725E-2 1.0127E-2 9.96063E-3 9.13952E-3 7.87072E-3 7.80571E-3 7.29579E-3 8.17089E-3 8.11312E-3 8.11312E-3 9.67744E-3 1.03827E-2 1.02782E-2 1.03827E-2 1.11208E-2 1.22574E-2 1.67213E-2 1.32611E-2 1.44681E-2 2.06822E-2 3.07789E-2 4.40478E-2 4.71212E-2
5.04656E-3 5.05141E-3 5.09317E-3 5.57512E-3 5.55099E-3 5.15701E-3 5.17847E-3 6.33333E-3 6.38611E-3 5.85242E-3 5.7934E-3 5.92576E-3 5.52239E-3 6.00001E-3 7.3026E-3 6.74834E-3 6.03893E-3 7.41704E-3 6.82575E-3 6.82575E-3 9.70162E-3 6.88262E-3 6.91123E-3 7.62582E-3 8.28612E-3 7.65751E-3 1.04106E-2 7.62582E-3 7.59426E-3 8.85531E-3 1.02395E-2 1.0155E-2 9.42429E-3 9.95953E-3 1.15837E-2 1.05856E-2 1.04983E-2 1.0339E-2 9.55535E-3 9.43731E-3 9.30931E-3 9.2438E-3 9.20557E-3 1.05774E-2 1.22574E-2 1.32611E-2 1.22574E-2 1.13292E-2 1.21542E-2 1.12338E-2 1.0471E-2 1.1341E-2 1.13292E-2 1.21342E-2 1.43464E-2 1.42023E-2 1.41876E-2 1.80388E-2 3.82096E-2 4.75628E-2
5.12375E-3 5.06677E-3 5.11436E-3 5.20957E-3 5.57409E-3 5.27487E-3 5.27487E-3 5.34099E-3 5.43143E-3 5.90121E-3 5.47672E-3 6.05114E-3 5.9395E-3 6.05002E-3 7.46931E-3 7.32396E-3 6.1513E-3 7.47882E-3 8.35665E-3 8.32054E-3 7.65751E-3 8.35511E-3 7.07642E-3 7.78703E-3 7.72129E-3 7.72129E-3 1.05407E-2 7.72129E-3 7.10583E-3 8.96611E-3 8.92902E-3 8.89209E-3 8.18369E-3 8.78221E-3 9.34651E-3 1.06737E-2 1.21377E-2 1.20377E-2 9.69259E-3 1.02831E-2 1.01562E-2 1.07524E-2 1.22574E-2 1.44919E-2 1.43464E-2 1.43464E-2 1.4507E-2 1.43464E-2 1.34096E-2 1.1341E-2 1.0471E-2 1.11208E-2 1.1341E-2 1.22574E-2 1.32611E-2 1.55198E-2 1.41876E-2 1.44681E-2 1.66027E-2 2.7752E-2
5.16648E-3 5.16648E-3 5.13028E-3 5.25301E-3 5.27487E-3 5.31886E-3 5.34099E-3 5.43143E-3 5.97626E-3 5.92576E-3 5.47571E-3 6.02496E-3 6.62913E-3 6.27345E-3 6.93114E-3 6.93114E-3 6.37846E-3 9.19354E-3 1.09177E-2 9.11598E-3 6.99779E-3 7.85189E-3 9.27006E-3 7.16503E-3 8.45967E-3 9.15384E-3 9.15384E-3 9.11598E-3 7.66726E-3 8.38109E-3 9.7419E-3 1.04106E-2 9.62157E-3 9.54217E-3 1.01972E-2 1.15963E-2 1.24164E-2 1.23141E-2 1.05419E-2 9.74297E-3 1.02113E-2 1.082E-2 1.32611E-2 1.46301E-2 1.55983E-2 1.4507E-2 1.43464E-2 1.43613E-2 1.32749E-2 1.1341E-2 1.04819E-2 1.04819E-2 1.13292E-2 1.1341E-2 1.22574E-2 1.67039E-2 1.80575E-2 1.66199E-2 1.93158E-2 2.21441E-2
5.18798E-3 5.23125E-3 5.23125E-3 5.25301E-3 5.31886E-3 5.76338E-3 5.38552E-3 5.40793E-3 5.52239E-3 5.49849E-3 5.5916E-3 6.15244E-3 8.0245E-3 6.93114E-3 8.19411E-3 7.01794E-3 7.04712E-3 7.72129E-3 1.08507E-2 7.22606E-3 7.81795E-3 7.19482E-3 1.02697E-2 8.56554E-3 8.56554E-3 9.26835E-3 9.26835E-3 1.07612E-2 7.85044E-3 7.85044E-3 9.29672E-3 9.88181E-3 9.2104E-3 9.66151E-3 1.11452E-2 1.26736E-2 1.25846E-2 1.24679E-2 1.14059E-2 1.05419E-2 1.19261E-2 1.10229E-2 1.16457E-2 1.07524E-2 1.22574E-2 1.32611E-2 1.32749E-2 1.25E-2 1.22574E-2 1.13292E-2 1.13292E-2 1.0471E-2 1.13292E-2 1.14374E-2 1.22574E-2 1.32611E-2 2.71989E-2 2.2167E-2 2.53813E-2 4.12127E-2
5.20957E-3 5.27487E-3 5.29682E-3 5.31886E-3 5.36321E-3 5.38552E-3 5.43043E-3 5.45302E-3 5.47571E-3 5.52137E-3 6.07519E-3 7.35441E-3 7.41567E-3 6.40499E-3 8.38982E-3 6.48522E-3 7.10583E-3 6.56646E-3 7.95018E-3 7.88306E-3 9.56036E-3 7.94871E-3 7.48357E-3 1.1204E-2 9.42325E-3 1.03551E-2 9.38428E-3 8.79896E-3 7.31519E-3 7.20398E-3 7.91582E-3 8.61689E-3 9.86373E-3 9.92465E-3 1.13452E-2 1.124E-2 1.36963E-2 1.33752E-2 1.22894E-2 1.14059E-2 1.12328E-2 1.12207E-2 1.25117E-2 1.43464E-2 1.22574E-2 1.55198E-2 1.43464E-2 1.32611E-2 1.32611E-2 1.22702E-2 1.22574E-2 1.0471E-2 1.04819E-2 1.13292E-2 1.22574E-2 1.23744E-2 1.78873E-2 3.36681E-2 2.21441E-2 3.85168E-2
5.25301E-3 5.27487E-3 5.34099E-3 5.36321E-3 5.38552E-3 5.40793E-3 5.47571E-3 5.15491E-3 5.1979E-3 5.5674E-3 5.61382E-3 6.9527E-3 7.72129E-3 7.07642E-3 7.13537E-3 6.56646E-3 7.85044E-3 7.2172E-3 8.04969E-3 1.04846E-2 8.08314E-3 8.95538E-3 7.57727E-3 8.78124E-3 1.05281E-2 1.11236E-2 9.50166E-3 8.23339E-3 7.39907E-3 8.19932E-3 8.76095E-3 8.80813E-3 9.41301E-3 9.36433E-3 1.14255E-2 9.2104E-3 1.11249E-2 1.27261E-2 1.24428E-2 1.15484E-2 1.06431E-2 1.05553E-2 1.12069E-2 1.35235E-2 1.80575E-2 2.56484E-2 1.6863E-2 1.33737E-2 1.43464E-2 1.35235E-2 1.25E-2 1.13292E-2 1.13292E-2 1.1341E-2 1.14374E-2 1.22574E-2 1.32611E-2 1.93358E-2 2.71989E-2 3.31699E-2
5.21621E-3 5.31886E-3 5.38552E-3 5.40793E-3 5.03972E-3 5.03879E-3 5.52137E-3 5.10196E-3 5.59057E-3 5.63718E-3 5.68418E-3 5.88799E-3 6.93869E-3 7.12794E-3 6.59377E-3 6.64871E-3 7.31519E-3 7.3456E-3 9.54111E-3 1.15334E-2 8.11523E-3 9.06742E-3 9.05798E-3 8.14894E-3 1.14857E-2 1.06157E-2 9.8112E-3 8.33643E-3 7.64038E-3 8.11523E-3 7.00224E-3 7.57727E-3 8.19932E-3 8.63685E-3 1.01429E-2 9.90468E-3 1.06609E-2 1.46502E-2 1.36571E-2 1.26759E-2 1.08856E-2 1.06431E-2 1.21903E-2 1.46301E-2 2.54075E-2 6.22124E-2 3.14252E-2 1.80575E-2 1.94994E-2 2.2167E-2 1.55198E-2 1.32611E-2 1.22574E-2 1.25E-2 1.23744E-2 1.32611E-2 1.32611E-2 1.78873E-2 4.12127E-2 3.85168E-2
5.25971E-3 5.35762E-3 5.40793E-3 5.45302E-3 5.15491E-3 5.08082E-3 5.12319E-3 5.14451E-3 5.30694E-3 5.70782E-3 5.75541E-3 5.93708E-3 5.98657E-3 6.43863E-3 6.64179E-3 6.73199E-3 8.04821E-3 7.36845E-3 8.98156E-3 9.89283E-3 9.83987E-3 8.37106E-3 9.09392E-3 8.44076E-3 8.44956E-3 9.97513E-3 9.00235E-3 7.56199E-3 8.25094E-3 7.56199E-3 7.5307E-3 8.26607E-3 8.11523E-3 8.74492E-3 8.04821E-3 7.98174E-3 9.23002E-3 1.40403E-2 1.57065E-2 1.37137E-2 1.17076E-2 1.32029E-2 1.08539E-2 1.57469E-2 2.2167E-2 4.12127E-2 5.44663E-2 3.14252E-2 3.5994E-2 3.36334E-2 1.80388E-2 1.33737E-2 1.25E-2 1.23744E-2 1.33737E-2 1.43464E-2 1.42023E-2 1.44681E-2 2.71708E-2 2.93598E-2
4.97732E-3 5.06999E-3 5.45302E-3 5.18176E-3 5.10196E-3 5.12319E-3 5.14451E-3 5.26208E-3 5.37346E-3 5.41827E-3 5.91139E-3 6.01147E-3 6.55841E-3 6.6694E-3 6.16948E-3 6.78102E-3 7.64038E-3 7.49953E-3 8.40584E-3 1.07798E-2 1.27917E-2 9.96292E-3 1.00999E-2 1.18234E-2 8.5553E-3 1.17745E-2 1.00999E-2 9.2957E-3 1.00165E-2 9.13169E-3 9.18085E-3 9.89283E-3 8.40584E-3 1.11903E-2 1.1098E-2 1.11E-2 8.16539E-3 1.01324E-2 1.31704E-2 1.22113E-2 1.04557E-2 1.27052E-2 1.09128E-2 1.32053E-2 1.48716E-2 1.80575E-2 2.74281E-2 2.73998E-2 1.93158E-2 1.68455E-2 1.44681E-2 1.33737E-2 1.23615E-2 1.23615E-2 1.33737E-2 1.56514E-2 1.55198E-2 1.53481E-2 1.80388E-2 2.39331E-2
5.06999E-3 5.45302E-3 5.15491E-3 5.10196E-3 5.12319E-3 5.16591E-3 4.88856E-3 5.25243E-3 5.35021E-3 5.41727E-3 5.53192E-3 6.18081E-3 6.13753E-3 6.66817E-3 6.72374E-3 6.87311E-3 9.00235E-3 9.96292E-3 7.80046E-3 1.00458E-2 1.20926E-2 1.20926E-2 1.21428E-2 1.12232E-2 1.1907E-2 1.02261E-2 1.19216E-2 1.02874E-2 9.3633E-3 8.61754E-3 1.00581E-2 8.47426E-3 9.03974E-3 9.85193E-3 1.30844E-2 1.38085E-2 9.61006E-3 1.36408E-2 1.42483E-2 1.22903E-2 1.06303E-2 1.04991E-2 1.19052E-2 1.18287E-2 1.16132E-2 1.31347E-2 1.57788E-2 1.68455E-2 1.56514E-2 1.46149E-2 1.56514E-2 1.46149E-2 1.32611E-2 1.33737E-2 1.43464E-2 1.67039E-2 1.55198E-2 1.56514E-2 1.56514E-2 1.80388E-2
5.45302E-3 5.16029E-3 5.08082E-3 5.12319E-3 4.84812E-3 4.88856E-3 4.92933E-3 5.37247E-3 5.4398E-3 5.53192E-3 5.66423E-3 5.63042E-3 6.21442E-3 8.10528E-3 6.77977E-3 7.03005E-3 8.3542E-3 7.17871E-3 7.68849E-3 1.03112E-2 1.13165E-2 1.22944E-2 1.32463E-2 1.22944E-2 1.53115E-2 1.22437E-2 1.21206E-2 1.04592E-2 9.5297E-3 9.26733E-3 1.11307E-2 8.66235E-3 7.9392E-3 1.24266E-2 1.42139E-2 1.60317E-2 1.12971E-2 1.38682E-2 1.72594E-2 1.35037E-2 1.15493E-2 1.3041E-2 1.5695E-2 1.65271E-2 1.6462E-2 1.63267E-2 1.80388E-2 2.93295E-2 3.5957E-2 2.23544E-2 2.39331E-2 1.80388E-2 1.43464E-2 1.56514E-2 1.80388E-2 1.67039E-2 1.93158E-2 1.91338E-2 1.93158E-2 2.21212E-2
5.16029E-3 5.20332E-3 5.12319E-3 5.14451E-3 4.88346E-3 4.92933E-3 5.37247E-3 5.39482E-3 5.46244E-3 5.50798E-3 5.62455E-3 5.75907E-3 6.18754E-3 6.83626E-3 6.95194E-3 6.98084E-3 7.039E-3 7.10505E-3 9.51978E-3 1.1189E-2 1.03413E-2 1.33319E-2 1.35395E-2 1.55666E-2 1.45269E-2 1.32769E-2 1.2272E-2 1.13427E-2 9.747E-3 9.609E-3 8.72376E-3 8.77074E-3 8.73446E-3 1.44842E-2 1.63462E-2 1.33741E-2 1.40969E-2 1.47883E-2 1.74237E-2 1.73844E-2 1.53063E-2 1.34095E-2 1.60692E-2 1.68228E-2 1.95769E-2 1.85678E-2 1.94792E-2 3.84773E-2 9.96788E-2 6.65085E-2 4.44612E-2 1.93158E-2 1.55198E-2 1.55037E-2 1.67039E-2 1.68455E-2 1.93158E-2 2.53813E-2 4.12127E-2 2.53813E-2
5.08082E-3 5.12319E-3 5.14451E-3 4.88856E-3 4.94985E-3 5.29623E-3 5.41727E-3 5.4398E-3 5.50798E-3 5.65384E-3 5.75907E-3 6.18754E-3 6.23912E-3 6.29112E-3 6.3976E-3 7.10505E-3 7.32916E-3 9.51803E-3 8.88048E-3 8.88048E-3 9.8689E-3 1.15321E-2 1.34983E-2 1.46901E-2 1.37085E-2 1.3579E-2 1.16492E-2 1.07224E-2 1.14845E-2 9.64711E-3 7.55294E-3 6.89342E-3 1.11564E-2 1.57961E-2 1.74504E-2 1.34827E-2 1.16145E-2 1.6098E-2 1.6939E-2 1.85581E-2 1.8409E-2 1.45069E-2 1.54361E-2 1.82952E-2 1.91314E-2 2.21652E-2 2.55954E-2 4.44612E-2 1.13659E-1 1.11632E-1 4.75628E-2 2.21441E-2 1.68455E-2 1.66027E-2 1.66866E-2 1.78687E-2 1.80388E-2 2.37082E-2 6.65085E-2 4.40928E-2
4.78809E-3 5.14451E-3 4.8683E-3 4.92933E-3 5.29623E-3 5.39482E-3 5.53769E-3 5.6071E-3 5.62455E-3 5.69504E-3 5.83124E-3 6.46951E-3 5.86907E-3 6.42421E-3 5.96733E-3 7.19402E-3 8.13919E-3 1.06585E-2 1.15799E-2 1.16279E-2 9.89174E-3 1.2936E-2 1.09467E-2 1.09467E-2 1.18437E-2 1.38055E-2 1.37485E-2 1.09128E-2 9.9328E-3 9.10408E-3 6.97975E-3 7.55155E-3 1.0601E-2 1.38962E-2 1.2935E-2 1.10644E-2 9.41198E-3 1.25528E-2 1.42467E-2 1.61332E-2 1.5886E-2 1.48982E-2 1.57582E-2 1.775E-2 2.0633E-2 2.93295E-2 4.11705E-2 5.43556E-2 8.6707E-2 9.33561E-2 3.84773E-2 2.53813E-2 2.06822E-2 1.80388E-2 1.80388E-2 2.71428E-2 5.04033E-2 3.81575E-2 8.59187E-2 7.53521E-2
