Pycnonotus_penicillatus.asc
ncols         282
nrows         470
xllcorner     79.525
yllcorner     5.91666666666667
cellsize      0.00833333333333331
NODATA_value  -9999
[rows 351 to 377 of 470, columns 60 to 119 of 282]
5.86577E-3 5.91467E-3 6.1155E-3 6.11437E-3 6.16533E-3 6.24258E-3 6.32079E-3 6.42659E-3 7.12979E-3 7.21907E-3 7.31709E-3 7.30947E-3 7.4395E-3 8.47801E-3 9.14567E-3 9.40289E-3 1.1426E-2 1.3767E-2 1.35583E-2 1.52042E-2 1.4974E-2 1.80869E-2 1.9644E-2 9.66189E-3 9.53085E-3 9.62017E-3 1.3167E-2 1.20701E-2 9.0202E-3 9.93354E-3 9.84133E-3 1.39362E-2 2.21443E-2 2.07274E-2 2.18725E-2 2.18765E-2 1.74997E-2 1.59786E-2 1.41443E-2 1.397E-2 1.92861E-2 2.20796E-2 2.47971E-2 1.87409E-2 2.44679E-2 3.32172E-2 2.82176E-2 3.25836E-2 2.95964E-2 4.44842E-2 4.20904E-2 7.84571E-2 1.25272E-1 1.25272E-1 1.27348E-1 1.18847E-1 1.10949E-1 1.24444E-1 1.32326E-1 1.2656E-1
5.96508E-3 5.98878E-3 6.06382E-3 6.11437E-3 6.19098E-3 6.26854E-3 6.34707E-3 7.0416E-3 7.87689E-3 7.90962E-3 8.08374E-3 8.07532E-3 8.25307E-3 8.32179E-3 8.39107E-3 1.01554E-2 1.35164E-2 1.3824E-2 1.80902E-2 1.94827E-2 1.78134E-2 1.98103E-2 1.8054E-2 9.62194E-3 9.57042E-3 8.98289E-3 9.9644E-3 1.58254E-2 9.92321E-3 9.97478E-3 9.54078E-3 1.06463E-2 1.97002E-2 2.23274E-2 2.48697E-2 2.47632E-2 1.7663E-2 2.03886E-2 1.42617E-2 1.57168E-2 2.12097E-2 2.9556E-2 3.57379E-2 2.50019E-2 2.31621E-2 2.27562E-2 2.39655E-2 2.69119E-2 2.98347E-2 3.87671E-2 4.79179E-2 1.08231E-1 1.28229E-1 1.27857E-1 1.27695E-1 1.31026E-1 1.27991E-1 1.27056E-1 1.2781E-1 1.32198E-1
5.91467E-3 6.06494E-3 6.06382E-3 6.16533E-3 6.27508E-3 6.26854E-3 6.40665E-3 7.16689E-3 9.623E-3 8.00863E-3 8.33858E-3 8.21892E-3 8.47801E-3 1.00196E-2 8.39107E-3 1.01449E-2 1.65354E-2 1.49277E-2 1.67241E-2 2.13376E-2 1.98921E-2 2.29563E-2 1.83121E-2 9.66189E-3 1.06729E-2 9.9644E-3 9.92321E-3 1.31534E-2 1.17382E-2 9.62017E-3 8.98289E-3 9.75833E-3 1.70482E-2 1.95835E-2 1.80311E-2 1.93228E-2 1.9184E-2 1.90264E-2 1.47099E-2 1.86958E-2 2.12058E-2 2.41348E-2 3.64691E-2 2.84164E-2 3.12543E-2 3.09935E-2 2.60063E-2 2.74701E-2 3.24664E-2 3.23337E-2 4.25066E-2 6.5229E-2 1.03314E-1 1.29399E-1 1.30442E-1 1.29991E-1 1.42058E-1 1.27809E-1 1.28489E-1 1.2757E-1
5.51781E-3 6.03871E-3 6.08904E-3 6.27624E-3 6.35487E-3 6.32079E-3 6.39997E-3 7.12979E-3 8.73808E-3 8.11732E-3 8.92106E-3 8.21892E-3 8.24447E-3 8.47645E-3 8.65557E-3 1.1631E-2 1.8217E-2 1.28865E-2 2.11587E-2 2.45814E-2 2.16029E-2 2.00567E-2 1.44101E-2 1.06729E-2 9.88219E-3 1.20078E-2 1.00058E-2 9.82333E-3 1.46896E-2 1.30967E-2 1.17382E-2 1.08241E-2 1.17597E-2 2.11999E-2 1.67384E-2 1.40111E-2 1.48022E-2 1.7321E-2 2.05786E-2 2.33215E-2 2.1562E-2 2.45097E-2 3.56526E-2 3.73809E-2 3.52179E-2 3.91511E-2 3.32738E-2 3.86676E-2 5.30065E-2 5.64002E-2 5.94023E-2 8.82893E-2 1.32084E-1 1.31272E-1 1.35901E-1 1.35769E-1 1.48325E-1 1.33379E-1 1.30258E-1 1.2875E-1
5.54076E-3 6.06382E-3 6.1398E-3 6.24909E-3 6.32738E-3 6.34707E-3 6.43329E-3 6.71941E-3 8.82E-3 8.96744E-3 8.14256E-3 7.73804E-3 8.32179E-3 8.65557E-3 8.42593E-3 1.04733E-2 1.82923E-2 1.2778E-2 1.68803E-2 2.46069E-2 1.84672E-2 1.85435E-2 1.72323E-2 1.08261E-2 1.05282E-2 1.32079E-2 1.09614E-2 9.9644E-3 1.22209E-2 1.21704E-2 1.2345E-2 1.55829E-2 1.20701E-2 1.28818E-2 1.41859E-2 1.81057E-2 1.82137E-2 1.63964E-2 2.36839E-2 2.34898E-2 2.65145E-2 2.32017E-2 3.0925E-2 4.17628E-2 4.40932E-2 4.6409E-2 3.57986E-2 3.97953E-2 4.91914E-2 7.13399E-2 7.59359E-2 1.33322E-1 1.34359E-1 1.382E-1 1.4318E-1 1.44451E-1 1.47023E-1 1.52293E-1 1.41783E-1 1.35769E-1
5.56382E-3 6.06382E-3 6.25024E-3 6.35487E-3 6.32738E-3 6.40665E-3 6.45331E-3 6.59548E-3 8.19993E-3 8.40801E-3 7.47042E-3 9.28672E-3 8.61976E-3 8.54702E-3 8.49608E-3 8.76387E-3 1.17154E-2 1.16167E-2 1.67211E-2 2.32456E-2 1.66218E-2 1.69294E-2 1.57994E-2 1.28473E-2 1.44671E-2 1.4527E-2 1.17869E-2 9.05766E-3 9.05766E-3 1.10526E-2 1.58619E-2 1.73499E-2 2.15324E-2 1.08823E-2 1.43037E-2 1.82557E-2 2.10935E-2 1.94227E-2 2.24195E-2 2.52513E-2 3.14361E-2 2.81166E-2 4.04913E-2 3.86291E-2 4.97025E-2 4.96429E-2 5.52626E-2 7.66365E-2 8.15584E-2 8.17878E-2 1.0349E-1 1.35867E-1 1.35189E-1 1.5096E-1 1.65009E-1 1.49637E-1 1.52146E-1 1.52146E-1 1.49493E-1 1.35769E-1
5.66737E-3 6.08904E-3 6.30234E-3 6.30118E-3 6.35369E-3 6.46004E-3 6.48691E-3 6.65044E-3 7.37804E-3 7.40871E-3 7.47042E-3 8.59305E-3 1.03013E-2 9.61149E-3 9.5205E-3 9.68137E-3 1.43325E-2 1.2778E-2 1.38559E-2 1.56694E-2 1.56532E-2 1.55215E-2 1.41453E-2 1.30991E-2 1.72113E-2 1.45421E-2 1.10641E-2 9.82333E-3 8.85403E-3 9.09528E-3 1.48115E-2 1.86361E-2 2.31981E-2 1.87472E-2 1.33007E-2 1.98066E-2 1.96644E-2 1.80311E-2 2.09851E-2 2.40072E-2 3.3645E-2 3.35482E-2 4.11645E-2 5.63916E-2 4.59792E-2 5.08661E-2 9.20642E-2 1.22485E-1 1.34725E-1 1.35188E-1 1.36142E-1 1.37826E-1 1.37296E-1 1.47023E-1 2.33645E-1 2.13521E-1 1.83314E-1 1.56207E-1 1.56207E-1 1.5096E-1
6.07015E-3 6.14621E-3 6.22321E-3 6.30118E-3 6.40665E-3 6.48691E-3 6.51388E-3 6.6229E-3 6.73374E-3 6.94618E-3 7.73804E-3 8.32179E-3 9.53217E-3 1.03869E-2 1.05168E-2 1.18959E-2 1.39388E-2 1.30071E-2 1.56048E-2 2.17815E-2 1.86395E-2 1.5783E-2 1.70698E-2 1.57801E-2 1.89495E-2 1.44671E-2 9.78272E-3 9.0202E-3 8.85403E-3 8.8174E-3 1.12023E-2 1.89025E-2 2.05541E-2 1.44821E-2 1.17597E-2 1.42447E-2 2.13558E-2 1.81057E-2 2.10717E-2 2.42054E-2 2.86995E-2 3.55675E-2 3.22183E-2 5.15504E-2 3.39215E-2 3.61167E-2 6.41433E-2 1.34123E-1 1.35712E-1 1.36334E-1 1.3943E-1 1.37103E-1 1.40352E-1 1.37176E-1 1.60586E-1 4.35716E-1 2.56856E-1 3.68274E-1 2.56625E-1 3.06452E-1
6.12188E-3 6.22436E-3 6.24909E-3 6.4731E-3 7.04895E-3 7.81997E-3 6.54097E-3 6.6229E-3 6.89597E-3 7.47042E-3 7.74611E-3 7.67271E-3 7.87567E-3 8.58253E-3 9.38568E-3 1.07055E-2 1.075E-2 1.85966E-2 1.55886E-2 1.88281E-2 2.19843E-2 1.85401E-2 1.90625E-2 1.59139E-2 1.8771E-2 1.11004E-2 9.9644E-3 8.98289E-3 8.8174E-3 8.8174E-3 8.8908E-3 1.23224E-2 1.44198E-2 9.83952E-3 8.99226E-3 1.08823E-2 1.67354E-2 1.69779E-2 2.60198E-2 2.74001E-2 2.57803E-2 3.99518E-2 2.7148E-2 3.8061E-2 2.65688E-2 2.7858E-2 4.06423E-2 8.98514E-2 1.06925E-1 1.37609E-1 1.3943E-1 1.50814E-1 1.41783E-1 1.43042E-1 1.50814E-1 3.37773E-1 6.24399E-1 7.04747E-1 4.35716E-1 2.31703E-1
6.12188E-3 6.25024E-3 6.81883E-3 6.93294E-3 7.13854E-3 7.85247E-3 7.31844E-3 6.6229E-3 6.86741E-3 7.4395E-3 7.74611E-3 7.67271E-3 8.39107E-3 8.46094E-3 8.69898E-3 8.88277E-3 1.1677E-2 2.47338E-2 1.87507E-2 2.02437E-2 2.53252E-2 2.20522E-2 1.73751E-2 1.72113E-2 1.8771E-2 1.62925E-2 1.10183E-2 9.66011E-3 9.0202E-3 9.14256E-3 8.85403E-3 9.10308E-3 1.00995E-2 9.10475E-3 8.87026E-3 1.09275E-2 1.5602E-2 1.98272E-2 2.45059E-2 2.91743E-2 1.89721E-2 3.09777E-2 2.21054E-2 3.05621E-2 3.24832E-2 3.42637E-2 3.39845E-2 4.3359E-2 7.0169E-2 1.14891E-1 1.38798E-1 1.40659E-1 1.43042E-1 1.50814E-1 1.52146E-1 2.81672E-1 6.64589E-1 3.37488E-1 1.83314E-1 1.54843E-1
6.12188E-3 6.73448E-3 6.93422E-3 7.59622E-3 7.13854E-3 7.10768E-3 6.69158E-3 6.7754E-3 7.31709E-3 7.47042E-3 8.25307E-3 8.47645E-3 8.66459E-3 9.53041E-3 8.80945E-3 8.72602E-3 1.07946E-2 2.02806E-2 2.19139E-2 1.73351E-2 2.55389E-2 2.54295E-2 1.86168E-2 2.91451E-2 1.90278E-2 1.60626E-2 1.32079E-2 1.10069E-2 9.70021E-3 9.09528E-3 8.85403E-3 8.85403E-3 9.06543E-3 9.02794E-3 9.10475E-3 8.8795E-3 1.45838E-2 1.68772E-2 2.45014E-2 2.7621E-2 1.59495E-2 2.24724E-2 2.39824E-2 3.10729E-2 5.62585E-2 5.11589E-2 4.3528E-2 4.85626E-2 7.50056E-2 1.38481E-1 1.3673E-1 1.38422E-1 1.41772E-1 1.49349E-1 1.54694E-1 2.8395E-1 3.68577E-1 1.73886E-1 1.59127E-1 1.53489E-1
6.62363E-3 6.82009E-3 6.93422E-3 7.12946E-3 7.01977E-3 7.04895E-3 7.10768E-3 7.25664E-3 7.3475E-3 7.4395E-3 1.03567E-2 8.62875E-3 8.42593E-3 8.62716E-3 8.56682E-3 8.72602E-3 1.28443E-2 1.71926E-2 2.35587E-2 1.73351E-2 2.23738E-2 2.38266E-2 1.59304E-2 4.10107E-2 2.41473E-2 1.72824E-2 1.32079E-2 1.74438E-2 1.48728E-2 8.85403E-3 9.14256E-3 9.82152E-3 9.88037E-3 9.02794E-3 1.12228E-2 8.95341E-3 1.00762E-2 1.8483E-2 1.83311E-2 2.3079E-2 1.754E-2 1.71818E-2 2.16783E-2 2.90249E-2 6.32239E-2 8.2445E-2 6.6777E-2 6.37353E-2 7.98132E-2 1.40733E-1 1.41601E-1 1.43434E-1 1.48039E-1 1.53342E-1 1.61841E-1 3.68577E-1 8.15829E-1 6.64589E-1 3.98326E-1 3.08885E-1
6.70784E-3 6.82009E-3 6.93422E-3 7.56478E-3 7.65949E-3 7.07825E-3 7.16689E-3 7.34886E-3 7.3475E-3 7.4395E-3 9.21007E-3 8.62875E-3 7.90839E-3 7.97425E-3 8.04066E-3 8.95671E-3 1.18741E-2 1.71926E-2 2.06427E-2 1.73351E-2 1.87165E-2 2.03901E-2 1.3224E-2 2.93852E-2 1.7447E-2 2.07504E-2 1.31534E-2 1.90243E-2 1.90243E-2 9.83952E-3 8.8174E-3 8.98124E-3 9.92138E-3 8.20607E-3 1.09708E-2 1.02128E-2 8.07109E-3 1.06023E-2 1.85932E-2 1.25814E-2 1.60155E-2 1.54506E-2 1.85849E-2 3.73551E-2 6.68445E-2 1.20932E-1 1.09047E-1 8.82299E-2 8.49447E-2 8.5965E-2 1.33694E-1 1.41302E-1 1.41648E-1 1.4558E-1 2.58507E-1 5.47772E-1 7.80546E-1 5.84295E-1 4.71825E-1 3.98646E-1
6.70784E-3 6.9254E-3 7.00483E-3 7.09995E-3 7.69132E-3 7.07825E-3 7.16689E-3 7.9838E-3 7.55573E-3 7.65033E-3 7.74611E-3 8.59305E-3 7.87567E-3 7.94126E-3 8.56682E-3 8.88277E-3 1.17255E-2 1.56048E-2 2.02437E-2 1.73351E-2 1.59596E-2 1.92239E-2 1.3224E-2 2.0874E-2 1.32788E-2 2.26476E-2 1.4527E-2 1.74438E-2 1.90243E-2 1.22716E-2 8.8174E-3 8.17211E-3 8.85403E-3 8.20607E-3 8.9071E-3 1.09255E-2 8.07109E-3 8.00444E-3 1.43892E-2 1.3514E-2 1.09406E-2 1.18393E-2 1.86617E-2 3.11948E-2 5.4724E-2 1.083E-1 1.0338E-1 7.5293E-2 5.82242E-2 5.25871E-2 6.93746E-2 1.02014E-1 1.46535E-1 1.39738E-1 1.53489E-1 5.09022E-1 5.09022E-1 4.35378E-1 3.08885E-1 1.72383E-1
6.73573E-3 6.79185E-3 6.90551E-3 7.56478E-3 7.18886E-3 7.07825E-3 7.36234E-3 7.95077E-3 7.55573E-3 7.68212E-3 7.71405E-3 7.81062E-3 7.87567E-3 7.90839E-3 8.66299E-3 9.77209E-3 1.1677E-2 1.56048E-2 2.04484E-2 1.89059E-2 1.56532E-2 1.73035E-2 1.47531E-2 1.45448E-2 1.20723E-2 1.77697E-2 1.45421E-2 1.49372E-2 2.27646E-2 1.12694E-2 8.78093E-3 8.20607E-3 1.09708E-2 8.20607E-3 8.1383E-3 8.20607E-3 8.07109E-3 7.97131E-3 8.5387E-3 9.41095E-3 9.1552E-3 9.74155E-3 1.53207E-2 2.7711E-2 3.94851E-2 5.45029E-2 5.4338E-2 4.6189E-2 3.87592E-2 4.13105E-2 4.91075E-2 6.20037E-2 1.07721E-1 1.41524E-1 1.37791E-1 1.61686E-1 4.00933E-1 3.08885E-1 3.37488E-1 2.81672E-1
6.5962E-3 6.7066E-3 6.90551E-3 7.53347E-3 7.18886E-3 7.27888E-3 7.40065E-3 7.45453E-3 7.58713E-3 7.51524E-3 7.71405E-3 7.64095E-3 7.77686E-3 7.90839E-3 8.66299E-3 9.0104E-3 1.06593E-2 1.41274E-2 1.58283E-2 1.75725E-2 1.55215E-2 1.42299E-2 1.44848E-2 9.93537E-3 1.08374E-2 1.58619E-2 1.45421E-2 1.32764E-2 2.09563E-2 1.12694E-2 8.24168E-3 8.9071E-3 1.02978E-2 8.17211E-3 8.07109E-3 8.00296E-3 7.96985E-3 7.97131E-3 7.90548E-3 8.43316E-3 9.04042E-3 9.04208E-3 1.08075E-2 2.04355E-2 4.17415E-2 3.70511E-2 3.47645E-2 2.82031E-2 2.98195E-2 3.17593E-2 3.82944E-2 4.59546E-2 8.10163E-2 1.33671E-1 1.40437E-1 1.52146E-1 1.98468E-1 4.01254E-1 4.71825E-1 3.40102E-1
6.5962E-3 6.79185E-3 7.00483E-3 6.99199E-3 7.15164E-3 7.78761E-3 7.40065E-3 7.25664E-3 7.51662E-3 7.54647E-3 7.47042E-3 7.67271E-3 7.74468E-3 8.54702E-3 8.66299E-3 9.64961E-3 1.06153E-2 1.30071E-2 1.20944E-2 1.43656E-2 1.57343E-2 1.60919E-2 1.22455E-2 1.11324E-2 1.19582E-2 1.49527E-2 2.11336E-2 1.35786E-2 2.10428E-2 1.63739E-2 8.91638E-3 8.36013E-3 8.95341E-3 8.9906E-3 8.10463E-3 7.51129E-3 7.4356E-3 8.0377E-3 7.93833E-3 8.42438E-3 8.36353E-3 8.96579E-3 9.0515E-3 1.18393E-2 2.41061E-2 2.90602E-2 2.1562E-2 1.74918E-2 2.24067E-2 1.82306E-2 2.48479E-2 2.85968E-2 4.2781E-2 7.26749E-2 1.43658E-1 1.38422E-1 1.40353E-1 1.53342E-1 1.86324E-1 2.58739E-1
6.77615E-3 6.79185E-3 6.87692E-3 6.87565E-3 7.15164E-3 7.89956E-3 7.37002E-3 7.2266E-3 7.4223E-3 7.68212E-3 7.54647E-3 7.77829E-3 7.87567E-3 1.03978E-2 9.69146E-3 9.77209E-3 9.64961E-3 9.95358E-3 1.17133E-2 1.21446E-2 1.46317E-2 1.47531E-2 1.18596E-2 9.81086E-3 1.49527E-2 2.12621E-2 3.54771E-2 1.92962E-2 1.48728E-2 2.26435E-2 9.19736E-3 8.32554E-3 8.32554E-3 8.95341E-3 8.07109E-3 8.1383E-3 7.51129E-3 7.93687E-3 8.00444E-3 7.90548E-3 8.36353E-3 8.39982E-3 8.92871E-3 1.01006E-2 1.57531E-2 2.7143E-2 1.67615E-2 1.33106E-2 1.29844E-2 1.27209E-2 2.15916E-2 3.81384E-2 3.28957E-2 4.81698E-2 8.10163E-2 1.41954E-1 1.43784E-1 1.41487E-1 1.40844E-1 1.45451E-1
7.25743E-3 6.88954E-3 7.01213E-3 6.90424E-3 7.18886E-3 7.75538E-3 7.37002E-3 7.43141E-3 7.31709E-3 7.48413E-3 7.47042E-3 7.77829E-3 9.66908E-3 9.40289E-3 1.1533E-2 1.08592E-2 8.73511E-3 8.88277E-3 1.21446E-2 1.21446E-2 1.87939E-2 1.46923E-2 1.34692E-2 9.76013E-3 2.10467E-2 1.79355E-2 2.61986E-2 1.62224E-2 9.80905E-3 1.62895E-2 1.0118E-2 8.8795E-3 8.1383E-3 8.07109E-3 8.10463E-3 9.03734E-3 8.03621E-3 8.0377E-3 7.97131E-3 7.84018E-3 7.87422E-3 8.55593E-3 8.45018E-3 9.18154E-3 1.19996E-2 2.40072E-2 1.68308E-2 1.25987E-2 1.11265E-2 1.15149E-2 1.99638E-2 3.36105E-2 3.53497E-2 4.01965E-2 5.77556E-2 7.67371E-2 1.01713E-1 1.36305E-1 1.45414E-1 1.42606E-1
7.25743E-3 7.37885E-3 6.76248E-3 7.09995E-3 7.90926E-3 7.78761E-3 7.26995E-3 7.25664E-3 7.4223E-3 6.92463E-3 7.54647E-3 7.68071E-3 9.41268E-3 8.59147E-3 1.08256E-2 9.92276E-3 8.77139E-3 8.68992E-3 9.68967E-3 1.00364E-2 1.71582E-2 1.60919E-2 1.57965E-2 9.81086E-3 1.20203E-2 1.22433E-2 1.23984E-2 1.25145E-2 9.15932E-3 1.12228E-2 1.13279E-2 8.2911E-3 8.10463E-3 8.40361E-3 8.07109E-3 1.01267E-2 8.33269E-3 7.44924E-3 7.97131E-3 7.9466E-3 7.80774E-3 7.77686E-3 8.18341E-3 8.96579E-3 1.33881E-2 2.58069E-2 2.01844E-2 1.2441E-2 1.1219E-2 1.05113E-2 1.14695E-2 1.9617E-2 2.67098E-2 3.50978E-2 4.778E-2 5.70494E-2 6.83501E-2 1.07846E-1 1.46771E-1 1.46702E-1
6.68006E-3 6.89673E-3 6.34678E-3 6.87565E-3 7.65949E-3 7.30913E-3 7.13722E-3 7.25664E-3 6.86741E-3 6.98233E-3 7.01136E-3 7.64095E-3 7.74468E-3 7.73661E-3 7.80918E-3 8.97313E-3 8.73511E-3 8.07407E-3 8.80782E-3 8.95671E-3 1.0078E-2 1.19706E-2 1.20203E-2 1.09275E-2 8.91803E-3 9.19905E-3 8.91803E-3 9.15932E-3 9.19736E-3 8.32554E-3 1.02128E-2 1.016E-2 8.1383E-3 8.25527E-3 8.1383E-3 7.54251E-3 7.54251E-3 7.51129E-3 8.12796E-3 7.9466E-3 7.77543E-3 7.67929E-3 8.37887E-3 8.30968E-3 1.22729E-2 2.42054E-2 3.29245E-2 1.42462E-2 1.22876E-2 9.67452E-3 1.18405E-2 1.6578E-2 2.92195E-2 3.52416E-2 3.96598E-2 4.49007E-2 5.68294E-2 8.01325E-2 1.00634E-1 1.41408E-1
6.56889E-3 6.26825E-3 6.73448E-3 7.09995E-3 7.94212E-3 7.04895E-3 6.69856E-3 6.75438E-3 6.78121E-3 6.86615E-3 6.92336E-3 7.64892E-3 7.74468E-3 7.77686E-3 7.80918E-3 9.87145E-3 1.10064E-2 8.19012E-3 9.08539E-3 9.77029E-3 9.03126E-3 8.91803E-3 9.16101E-3 1.02041E-2 8.99226E-3 8.95506E-3 1.133E-2 8.99226E-3 9.23555E-3 1.0118E-2 8.95341E-3 9.89066E-3 8.10463E-3 8.29821E-3 8.10463E-3 7.51129E-3 7.37417E-3 8.29821E-3 8.29974E-3 8.19715E-3 7.80774E-3 7.74325E-3 7.77686E-3 7.64892E-3 9.25795E-3 2.10107E-2 3.93718E-2 2.7148E-2 1.53321E-2 9.94654E-3 1.58036E-2 1.86444E-2 3.36512E-2 4.00257E-2 4.76435E-2 5.66577E-2 6.72482E-2 6.7058E-2 7.95891E-2 1.05746E-1
6.56889E-3 6.65117E-3 6.34678E-3 6.39968E-3 7.81003E-3 7.18753E-3 6.72642E-3 7.33052E-3 6.86741E-3 6.86615E-3 6.95214E-3 7.20877E-3 7.77686E-3 7.18806E-3 7.35984E-3 7.90694E-3 8.15623E-3 8.22415E-3 8.00591E-3 8.91803E-3 8.88114E-3 9.03126E-3 1.35952E-2 1.77697E-2 1.47504E-2 8.95506E-3 1.34667E-2 1.25663E-2 1.11303E-2 1.5356E-2 8.91638E-3 8.95341E-3 9.28356E-3 8.10463E-3 7.51129E-3 7.51129E-3 7.41841E-3 7.41841E-3 1.00016E-2 8.77892E-3 7.29769E-3 7.74325E-3 7.80918E-3 7.82351E-3 1.03737E-2 1.78126E-2 2.57011E-2 3.69001E-2 2.00552E-2 1.23919E-2 1.21885E-2 1.88765E-2 2.75505E-2 3.7559E-2 4.23123E-2 5.0192E-2 5.93724E-2 4.97953E-2 5.55235E-2 6.24754E-2
6.13952E-3 6.20996E-3 6.95419E-3 7.09995E-3 6.96176E-3 7.07825E-3 6.69856E-3 7.33816E-3 7.46093E-3 7.09014E-3 6.92336E-3 7.20877E-3 7.80918E-3 7.29143E-3 7.87422E-3 7.87422E-3 9.96395E-3 1.09949E-2 8.26693E-3 1.10864E-2 1.19212E-2 1.11902E-2 1.21424E-2 1.81953E-2 1.78617E-2 1.12249E-2 1.00762E-2 1.95399E-2 1.12228E-2 1.50768E-2 1.12811E-2 8.95341E-3 1.01706E-2 8.1871E-3 7.60674E-3 9.09151E-3 7.44924E-3 7.28298E-3 8.19564E-3 1.00035E-2 7.99426E-3 7.17628E-3 7.9297E-3 7.86421E-3 1.01407E-2 1.7663E-2 1.94617E-2 2.53553E-2 1.54593E-2 9.48218E-3 1.20859E-2 1.74697E-2 2.24544E-2 2.73252E-2 2.9016E-2 3.25276E-2 3.03032E-2 2.56659E-2 3.12221E-2 3.56224E-2
6.11409E-3 6.21644E-3 6.73448E-3 7.77914E-3 7.77771E-3 7.15778E-3 6.67083E-3 7.36866E-3 7.43004E-3 6.83772E-3 6.92336E-3 6.98104E-3 7.12867E-3 8.90833E-3 8.13095E-3 8.13095E-3 8.16474E-3 8.84441E-3 9.7299E-3 1.22582E-2 1.21949E-2 1.45687E-2 1.22455E-2 1.60227E-2 2.27646E-2 1.94797E-2 1.23473E-2 2.65283E-2 2.12428E-2 1.23068E-2 1.47504E-2 9.04615E-3 1.02128E-2 1.21401E-2 9.16887E-3 9.96028E-3 1.03274E-2 7.32667E-3 7.29634E-3 8.19715E-3 7.84018E-3 7.29769E-3 7.77543E-3 8.44863E-3 7.58434E-3 1.0057E-2 2.06421E-2 1.7231E-2 9.51979E-3 8.51103E-3 9.36504E-3 1.08067E-2 1.57548E-2 1.57185E-2 1.39164E-2 1.62689E-2 1.62217E-2 1.4568E-2 1.67172E-2 2.31029E-2
6.62485E-3 6.24229E-3 6.3205E-3 7.74695E-3 7.1591E-3 7.09124E-3 6.6432E-3 6.78247E-3 6.86741E-3 6.89597E-3 7.08275E-3 7.04051E-3 7.20877E-3 8.03044E-3 8.87149E-3 8.69898E-3 7.90694E-3 9.91243E-3 1.3262E-2 1.10406E-2 1.46317E-2 1.78943E-2 1.61585E-2 1.79682E-2 2.4447E-2 2.30516E-2 1.48142E-2 2.64148E-2 3.41071E-2 1.63769E-2 1.97581E-2 9.99306E-3 1.21424E-2 2.13498E-2 1.20401E-2 9.86782E-3 1.47658E-2 8.2654E-3 7.90548E-3 7.26614E-3 7.26614E-3 7.23606E-3 7.11698E-3 8.65039E-3 7.52169E-3 7.45955E-3 1.00173E-2 1.4424E-2 8.69833E-3 1.39981E-2 1.65171E-2 1.23762E-2 1.22236E-2 1.17429E-2 1.39741E-2 1.25481E-2 1.22912E-2 1.76196E-2 1.89016E-2 2.73958E-2
6.59742E-3 6.70784E-3 6.29432E-3 7.04128E-3 7.09995E-3 7.94212E-3 6.67083E-3 6.72642E-3 6.81066E-3 7.49194E-3 7.65033E-3 7.64892E-3 7.93116E-3 8.03044E-3 8.62716E-3 8.66299E-3 8.09731E-3 9.05725E-3 1.09609E-2 1.07036E-2 1.33031E-2 1.91413E-2 1.96804E-2 1.77149E-2 2.29569E-2 2.65283E-2 2.10467E-2 1.93795E-2 3.89058E-2 2.09563E-2 1.77881E-2 1.45687E-2 1.20423E-2 2.63065E-2 1.76387E-2 9.64784E-3 1.19532E-2 1.105E-2 7.98594E-3 7.35848E-3 7.20611E-3 9.67559E-3 7.96118E-3 7.79781E-3 7.52169E-3 8.20696E-3 7.39793E-3 8.03857E-3 1.716E-2 2.33215E-2 2.67057E-2 1.8111E-2 1.4849E-2 1.45302E-2 1.18132E-2 1.56083E-2 1.52733E-2 2.26945E-2 3.20379E-2 3.84717E-2
