Pycnonotus_penicillatus.asc
ncols         282
nrows         470
xllcorner     79.525
yllcorner     5.91666666666667
cellsize      0.00833333333333331
NODATA_value  -9999
[rows 432 to 458 of 470, columns 60 to 119 of 282]
-9999 -9999 -9999 6.2903E-3 6.31646E-3 6.34273E-3 6.40227E-3 6.51062E-3 6.65931E-3 7.16199E-3 7.19176E-3 6.8343E-3 6.86271E-3 6.9199E-3 6.89125E-3 6.89125E-3 6.97755E-3 6.97755E-3 7.67687E-3 6.97755E-3 7.82775E-3 8.51629E-3 8.64767E-3 7.10864E-3 7.11605E-3 7.86173E-3 9.63433E-3 7.11605E-3 7.08659E-3 7.0499E-3 6.96142E-3 6.41421E-3 6.806E-3 6.84684E-3 7.50193E-3 7.40916E-3 7.37849E-3 8.05079E-3 1.184E-2 1.44608E-2 1.24085E-2 1.39759E-2 1.38609E-2 1.63077E-2 1.63077E-2 1.65995E-2 1.3631E-2 1.02118E-2 9.00624E-3 7.90473E-3 8.89495E-3 1.2894E-2 1.17924E-2 1.06318E-2 7.4497E-3 8.12845E-3 8.32414E-3 8.72293E-3 1.19192E-2 1.44068E-2
-9999 -9999 -9999 -9999 6.32422E-3 6.37693E-3 6.43007E-3 6.43007E-3 6.57693E-3 7.06604E-3 6.69398E-3 6.74976E-3 7.31343E-3 7.44943E-3 6.8343E-3 6.8343E-3 6.8343E-3 6.9199E-3 7.11605E-3 7.61345E-3 6.89125E-3 7.72291E-3 6.86271E-3 6.86271E-3 7.78867E-3 7.08659E-3 7.72434E-3 7.72434E-3 7.02804E-3 7.05725E-3 6.87531E-3 7.73239E-3 8.40034E-3 6.76215E-3 7.40916E-3 1.03145E-2 8.26371E-3 9.74395E-3 1.16939E-2 1.27042E-2 1.64429E-2 1.61568E-2 1.77571E-2 1.45831E-2 1.8913E-2 2.09553E-2 1.91717E-2 1.61266E-2 1.1049E-2 8.62476E-3 7.74251E-3 8.55355E-3 9.58485E-3 9.50575E-3 6.75125E-3 7.39722E-3 6.61263E-3 7.15578E-3 1.05696E-2 1.3193E-2
-9999 -9999 -9999 -9999 6.29803E-3 6.4152E-3 6.44188E-3 6.49556E-3 6.40345E-3 6.57693E-3 6.63174E-3 7.13234E-3 7.25301E-3 7.35731E-3 6.74976E-3 6.77782E-3 6.74976E-3 6.77782E-3 6.9326E-3 7.51931E-3 7.76452E-3 6.93983E-3 7.02804E-3 6.806E-3 6.77782E-3 6.74976E-3 7.66053E-3 7.62883E-3 6.96996E-3 7.39559E-3 6.76215E-3 6.91237E-3 6.79152E-3 6.77045E-3 7.28725E-3 7.9843E-3 7.9843E-3 7.20596E-3 9.54594E-3 1.27725E-2 1.37467E-2 1.58921E-2 1.90929E-2 1.90143E-2 1.42259E-2 1.74845E-2 1.73945E-2 1.69659E-2 1.45091E-2 9.41006E-3 8.40413E-3 6.89277E-3 7.72462E-3 7.66081E-3 6.00997E-3 8.03782E-3 9.68804E-3 7.09666E-3 8.6257E-3 1.06349E-2
-9999 -9999 -9999 -9999 -9999 6.27194E-3 6.80707E-3 6.44188E-3 6.46867E-3 6.52257E-3 6.98592E-3 7.04413E-3 6.66626E-3 6.75101E-3 6.69398E-3 6.66626E-3 6.72181E-3 6.69398E-3 6.94111E-3 6.87531E-3 7.48819E-3 9.57234E-3 7.73239E-3 6.69398E-3 6.69398E-3 6.84811E-3 6.88375E-3 6.85525E-3 7.43996E-3 8.21943E-3 6.7634E-3 7.31754E-3 6.7145E-3 6.63144E-3 7.25842E-3 7.99409E-3 7.64594E-3 7.6918E-3 8.27361E-3 1.26149E-2 1.35773E-2 1.5843E-2 1.88581E-2 2.1885E-2 1.44342E-2 1.41235E-2 1.57156E-2 1.85688E-2 1.66193E-2 1.26531E-2 8.23171E-3 6.77932E-3 6.84836E-3 6.4958E-3 5.88652E-3 6.39004E-3 7.77555E-3 7.74337E-3 6.83656E-3 9.17999E-3
-9999 -9999 -9999 -9999 6.24597E-3 6.24597E-3 6.36218E-3 6.90078E-3 6.4152E-3 6.87095E-3 6.89951E-3 7.01626E-3 6.55653E-3 7.17646E-3 7.24379E-3 7.2739E-3 6.61117E-3 6.63866E-3 6.23055E-3 7.36498E-3 6.88375E-3 6.91237E-3 6.85525E-3 7.43996E-3 7.40916E-3 6.7634E-3 6.7634E-3 6.73539E-3 7.48005E-3 6.74242E-3 6.56857E-3 7.31889E-3 7.80614E-3 7.82046E-3 7.13897E-3 7.75586E-3 7.52014E-3 8.23938E-3 9.27303E-3 8.87867E-3 1.30549E-2 1.55031E-2 1.55059E-2 1.5522E-2 1.42564E-2 1.15319E-2 1.54741E-2 1.80961E-2 1.52676E-2 1.11081E-2 8.12995E-3 6.61263E-3 6.61263E-3 6.47009E-3 7.05991E-3 8.02072E-3 6.26535E-3 6.80826E-3 9.2581E-3 8.13931E-3
-9999 -9999 -9999 -9999 -9999 6.7241E-3 6.7241E-3 6.81542E-3 6.81542E-3 6.84376E-3 6.87221E-3 6.42189E-3 6.47541E-3 6.52938E-3 6.7075E-3 6.6785E-3 6.58379E-3 6.58379E-3 6.58379E-3 6.61117E-3 7.30413E-3 6.77045E-3 6.58379E-3 6.73539E-3 6.77045E-3 7.31754E-3 9.0069E-3 8.12779E-3 7.09509E-3 7.06572E-3 7.29619E-3 7.74166E-3 7.96101E-3 8.37716E-3 8.49755E-3 8.39252E-3 9.02709E-3 1.11272E-2 1.33521E-2 1.21412E-2 9.78727E-3 1.28431E-2 1.37064E-2 1.37064E-2 1.66911E-2 1.28135E-2 1.37926E-2 1.49555E-2 1.37357E-2 9.15946E-3 7.47391E-3 6.58525E-3 5.80761E-3 5.78959E-3 6.37022E-3 1.14834E-2 1.25273E-2 8.17313E-3 1.09268E-2 1.33209E-2
-9999 -9999 -9999 -9999 -9999 -9999 6.67549E-3 6.66853E-3 6.73112E-3 6.73112E-3 6.69502E-3 6.75786E-3 6.3953E-3 6.3953E-3 6.47541E-3 6.50234E-3 6.50234E-3 6.50234E-3 6.52938E-3 6.47541E-3 6.47541E-3 7.1542E-3 6.6867E-3 6.65207E-3 7.09509E-3 6.63144E-3 7.00733E-3 7.00733E-3 6.97832E-3 7.82046E-3 7.6143E-3 7.58278E-3 6.99242E-3 7.56525E-3 9.06458E-3 9.15678E-3 9.0812E-3 1.09444E-2 1.19397E-2 1.19419E-2 1.42564E-2 9.37287E-3 1.22567E-2 1.12956E-2 1.26032E-2 1.37357E-2 9.83967E-3 1.0973E-2 1.22942E-2 1.21929E-2 9.00888E-3 6.59855E-3 5.78959E-3 5.73663E-3 5.74261E-3 9.17999E-3 1.34847E-2 1.48837E-2 1.74066E-2 1.43847E-2
-9999 -9999 -9999 -9999 -9999 -9999 -9999 6.62032E-3 6.61342E-3 6.67549E-3 6.23152E-3 6.31617E-3 6.34244E-3 6.3953E-3 6.3953E-3 6.42189E-3 6.3953E-3 6.42189E-3 6.3953E-3 6.3953E-3 6.02707E-3 6.51428E-3 7.06572E-3 7.19712E-3 6.54257E-3 6.43368E-3 7.07868E-3 8.4469E-3 7.02019E-3 7.86259E-3 7.65997E-3 6.99971E-3 8.50797E-3 8.13753E-3 8.32475E-3 8.96899E-3 8.76895E-3 9.90967E-3 1.06318E-2 1.06337E-2 1.1649E-2 1.12373E-2 8.94423E-3 1.22717E-2 1.10185E-2 1.01602E-2 8.87203E-3 7.83214E-3 8.00603E-3 9.51889E-3 7.03802E-3 6.51692E-3 6.34384E-3 5.74261E-3 5.74261E-3 6.71808E-3 8.2086E-3 8.91914E-3 1.40879E-2 1.88131E-2
-9999 -9999 -9999 -9999 -9999 -9999 -9999 -9999 6.56561E-3 6.62032E-3 6.18001E-3 6.20571E-3 6.26396E-3 6.88483E-3 6.42308E-3 6.36881E-3 6.31617E-3 6.34244E-3 6.34244E-3 6.34244E-3 6.36881E-3 6.34244E-3 6.4885E-3 6.40704E-3 7.04938E-3 6.40822E-3 6.30156E-3 6.83506E-3 6.90466E-3 6.75051E-3 6.87734E-3 7.59809E-3 8.07033E-3 8.22185E-3 8.18783E-3 8.85816E-3 8.58908E-3 8.85979E-3 9.66638E-3 9.54698E-3 9.46819E-3 1.01416E-2 9.92336E-3 8.17375E-3 8.91816E-3 1.21929E-2 1.10387E-2 7.18685E-3 7.1571E-3 9.78835E-3 7.17023E-3 6.26535E-3 6.2394E-3 5.85057E-3 5.74261E-3 5.74261E-3 6.71808E-3 7.88253E-3 7.94964E-3 8.51249E-3
-9999 -9999 -9999 -9999 -9999 -9999 -9999 -9999 6.15555E-3 6.56561E-3 6.10354E-3 6.12892E-3 6.18646E-3 6.26396E-3 6.26396E-3 6.29001E-3 6.23802E-3 6.26396E-3 6.23802E-3 6.23802E-3 5.87882E-3 6.29001E-3 6.41491E-3 6.38168E-3 6.35525E-3 6.99242E-3 6.72255E-3 6.72255E-3 6.93464E-3 7.30494E-3 6.82051E-3 7.44215E-3 7.93757E-3 8.66059E-3 8.78503E-3 8.7125E-3 7.92069E-3 8.71411E-3 9.54698E-3 9.39005E-3 1.00145E-2 1.23964E-2 1.20703E-2 9.08386E-3 7.89737E-3 1.07928E-2 1.05696E-2 7.74337E-3 9.57013E-3 8.5916E-3 8.76038E-3 1.02252E-2 6.83656E-3 6.21453E-3 5.73663E-3 6.20805E-3 6.26748E-3 6.26748E-3 8.51249E-3 7.27744E-3
-9999 -9999 -9999 -9999 -9999 -9999 -9999 -9999 -9999 6.11103E-3 6.07825E-3 6.10354E-3 6.13532E-3 6.13532E-3 6.26512E-3 6.26512E-3 6.18646E-3 6.13532E-3 6.18646E-3 6.21218E-3 6.18646E-3 6.35525E-3 6.99971E-3 7.45802E-3 6.90593E-3 6.63939E-3 7.3353E-3 6.82051E-3 6.79227E-3 6.73614E-3 7.41134E-3 7.09587E-3 7.807E-3 9.48836E-3 1.15988E-2 1.15509E-2 8.68711E-3 7.75815E-3 8.53536E-3 9.02807E-3 1.1223E-2 1.47256E-2 1.30025E-2 1.06135E-2 9.77045E-3 9.52881E-3 6.39789E-3 6.23289E-3 8.52066E-3 8.48542E-3 9.46924E-3 1.15185E-2 6.33132E-3 5.73663E-3 5.35168E-3 5.67877E-3 5.79156E-3 6.14545E-3 6.78238E-3 7.33942E-3
-9999 -9999 -9999 -9999 -9999 -9999 -9999 -9999 -9999 6.11103E-3 6.13645E-3 6.0594E-3 6.02801E-3 6.0594E-3 6.0846E-3 6.16197E-3 6.0846E-3 6.1099E-3 6.1099E-3 6.1099E-3 5.71045E-3 6.1099E-3 6.72255E-3 6.84886E-3 7.53533E-3 7.2747E-3 6.55725E-3 6.50306E-3 7.15499E-3 7.12537E-3 7.28939E-3 7.19924E-3 7.13976E-3 7.64678E-3 8.49848E-3 8.57975E-3 9.39005E-3 9.10322E-3 7.46022E-3 9.1975E-3 1.11421E-2 1.22056E-2 9.86979E-3 1.2105E-2 1.08125E-2 8.55448E-3 6.14545E-3 5.79156E-3 6.2735E-3 6.96501E-3 6.73154E-3 6.21453E-3 5.74261E-3 5.35168E-3 5.30644E-3 5.35168E-3 5.67877E-3 5.79156E-3 5.67877E-3 6.14545E-3
-9999 -9999 -9999 -9999 -9999 -9999 -9999 -9999 -9999 5.97817E-3 6.03541E-3 6.03541E-3 6.06051E-3 6.06051E-3 6.45753E-3 6.0093E-3 6.0093E-3 6.11103E-3 6.0343E-3 6.0093E-3 6.08572E-3 5.98441E-3 6.15413E-3 6.55725E-3 6.7712E-3 7.15499E-3 6.71524E-3 6.39601E-3 6.39601E-3 6.34314E-3 6.88559E-3 6.92142E-3 6.95148E-3 6.89404E-3 7.66222E-3 6.93541E-3 7.33611E-3 8.29122E-3 7.24539E-3 8.0393E-3 7.87289E-3 9.68982E-3 7.90706E-3 1.07233E-2 1.55757E-2 1.41879E-2 8.64311E-3 5.74261E-3 6.21453E-3 6.72509E-3 6.26748E-3 6.26748E-3 6.78238E-3 5.35168E-3 5.24743E-3 5.30091E-3 5.30091E-3 5.35168E-3 5.73663E-3 5.67877E-3
-9999 -9999 -9999 -9999 -9999 -9999 -9999 -9999 -9999 -9999 -9999 5.98552E-3 5.96072E-3 5.96072E-3 5.98552E-3 6.40415E-3 6.03541E-3 5.93494E-3 5.93494E-3 5.56997E-3 5.93494E-3 5.98552E-3 6.50306E-3 6.68744E-3 6.47613E-3 6.65975E-3 6.63217E-3 6.5162E-3 6.9502E-3 6.40893E-3 6.26581E-3 6.80751E-3 6.90669E-3 7.56748E-3 6.84962E-3 6.79302E-3 7.23784E-3 6.53082E-3 6.53203E-3 6.53203E-3 7.1571E-3 7.67941E-3 8.71506E-3 7.01017E-3 9.41283E-3 1.26977E-2 8.24119E-3 5.79156E-3 5.79156E-3 6.21453E-3 5.74261E-3 5.30644E-3 5.35168E-3 5.30644E-3 5.35168E-3 5.35168E-3 5.35168E-3 5.79156E-3 6.26748E-3 6.20805E-3
-9999 -9999 -9999 -9999 -9999 -9999 -9999 -9999 -9999 -9999 -9999 -9999 5.88696E-3 5.91144E-3 5.93603E-3 6.32492E-3 5.96072E-3 5.88587E-3 5.83721E-3 5.44985E-3 5.45554E-3 5.88696E-3 5.86257E-3 5.97167E-3 6.39601E-3 6.55012E-3 6.46234E-3 6.92142E-3 6.83581E-3 6.96424E-3 6.7233E-3 6.69546E-3 6.64013E-3 6.82126E-3 6.79302E-3 6.53082E-3 6.58646E-3 6.62599E-3 6.33723E-3 6.28485E-3 9.45191E-3 1.04411E-2 8.68806E-3 6.86625E-3 8.38054E-3 7.52319E-3 6.78238E-3 5.79156E-3 6.26748E-3 7.33942E-3 6.26748E-3 5.74261E-3 5.24743E-3 5.24743E-3 5.30091E-3 5.30091E-3 5.35168E-3 5.79156E-3 6.26748E-3 6.26748E-3
-9999 -9999 -9999 -9999 -9999 -9999 -9999 -9999 -9999 -9999 -9999 -9999 5.83828E-3 5.8141E-3 5.86257E-3 6.29872E-3 5.91144E-3 5.86257E-3 5.8141E-3 5.74108E-3 5.388E-3 5.36008E-3 5.69361E-3 5.79001E-3 5.79001E-3 6.34431E-3 6.35596E-3 6.30342E-3 6.33624E-3 6.90669E-3 7.33611E-3 6.82837E-3 6.79302E-3 6.73688E-3 6.47684E-3 6.41662E-3 6.59855E-3 6.54402E-3 6.28485E-3 6.23289E-3 8.60736E-3 8.57175E-3 6.8948E-3 6.78889E-3 6.26748E-3 6.26748E-3 6.26748E-3 6.85859E-3 7.42899E-3 7.94964E-3 7.87497E-3 5.85057E-3 6.21453E-3 5.30644E-3 5.30091E-3 5.24743E-3 5.30091E-3 5.35168E-3 5.35168E-3 5.85057E-3
-9999 -9999 -9999 -9999 -9999 -9999 -9999 -9999 -9999 -9999 -9999 -9999 -9999 5.76603E-3 5.79001E-3 6.16936E-3 5.8141E-3 5.69361E-3 5.67003E-3 5.64065E-3 5.29373E-3 5.29926E-3 5.29926E-3 5.29926E-3 5.62314E-3 5.75269E-3 6.18828E-3 6.25132E-3 6.84962E-3 6.18041E-3 6.61385E-3 7.18552E-3 7.12616E-3 7.12616E-3 7.2902E-3 8.02072E-3 7.8093E-3 7.88878E-3 6.86499E-3 6.20805E-3 5.79156E-3 5.79156E-3 5.79156E-3 6.26748E-3 5.85667E-3 6.26748E-3 6.26748E-3 6.33793E-3 7.94202E-3 8.98361E-3 9.71877E-3 7.42187E-3 6.72509E-3 5.35168E-3 5.30091E-3 5.24743E-3 5.30091E-3 5.73663E-3 6.20805E-3 5.73663E-3
-9999 -9999 -9999 -9999 -9999 -9999 -9999 -9999 -9999 -9999 -9999 -9999 -9999 -9999 5.69467E-3 6.09302E-3 5.74214E-3 5.59985E-3 5.57083E-3 5.64758E-3 5.77662E-3 5.75269E-3 5.57665E-3 5.21197E-3 5.53054E-3 5.57768E-3 5.68742E-3 5.61702E-3 6.55798E-3 6.58646E-3 6.53203E-3 6.57123E-3 6.45121E-3 6.51692E-3 7.95448E-3 8.43996E-3 6.85783E-3 6.773E-3 6.26748E-3 6.20805E-3 5.79156E-3 5.85057E-3 6.97356E-3 6.85144E-3 6.39193E-3 6.33793E-3 6.26748E-3 6.91701E-3 7.48507E-3 8.6987E-3 9.55903E-3 9.33617E-3 6.26748E-3 5.35168E-3 5.30644E-3 5.30091E-3 5.73663E-3 5.85057E-3 5.73663E-3 5.78552E-3
-9999 -9999 -9999 -9999 -9999 -9999 -9999 -9999 -9999 -9999 -9999 -9999 -9999 -9999 -9999 5.64758E-3 5.60088E-3 5.50762E-3 5.50762E-3 5.55457E-3 6.06006E-3 6.13713E-3 5.57768E-3 5.4848E-3 5.50864E-3 5.50864E-3 5.39447E-3 5.52452E-3 5.9121E-3 6.39671E-3 6.4245E-3 6.51692E-3 6.39789E-3 6.91498E-3 6.46306E-3 7.5452E-3 8.50098E-3 7.69491E-3 6.80951E-3 6.33132E-3 5.85057E-3 5.85667E-3 6.26748E-3 7.42125E-3 6.91701E-3 9.096E-3 8.78858E-3 7.33942E-3 8.59389E-3 8.69037E-3 1.06491E-2 9.44094E-3 6.21453E-3 5.74261E-3 5.30091E-3 4.94513E-3 5.30091E-3 4.99553E-3 5.3461E-3 5.85057E-3
-9999 -9999 -9999 -9999 -9999 -9999 -9999 -9999 -9999 -9999 -9999 -9999 -9999 -9999 -9999 -9999 -9999 5.48581E-3 5.48581E-3 5.48581E-3 5.64039E-3 5.98507E-3 5.56477E-3 5.48581E-3 5.39447E-3 5.34985E-3 5.00075E-3 5.35168E-3 5.35168E-3 5.81474E-3 6.26535E-3 6.21401E-3 6.2394E-3 6.31873E-3 7.05223E-3 7.55446E-3 7.70294E-3 8.36117E-3 7.60769E-3 7.57621E-3 5.85667E-3 5.79156E-3 5.79156E-3 6.85859E-3 6.33793E-3 8.03891E-3 8.8726E-3 7.48507E-3 7.33942E-3 8.69037E-3 1.05176E-2 9.40337E-3 5.79156E-3 5.35168E-3 5.30644E-3 4.94513E-3 4.99553E-3 4.94513E-3 4.99553E-3 5.35168E-3
-9999 -9999 -9999 -9999 -9999 -9999 -9999 -9999 -9999 -9999 -9999 -9999 -9999 -9999 -9999 -9999 -9999 -9999 5.41791E-3 5.44045E-3 5.51876E-3 5.51876E-3 5.41791E-3 5.32769E-3 5.31154E-3 5.30644E-3 5.30644E-3 5.30644E-3 5.35168E-3 5.74261E-3 5.79156E-3 6.2735E-3 6.92346E-3 6.35666E-3 7.55446E-3 8.27695E-3 8.36117E-3 7.5058E-3 8.22366E-3 7.6091E-3 5.85667E-3 5.85057E-3 5.85057E-3 5.41186E-3 5.79156E-3 6.39193E-3 6.26748E-3 5.79156E-3 5.79156E-3 6.26748E-3 7.33942E-3 6.85144E-3 5.85057E-3 5.35168E-3 4.94513E-3 4.99553E-3 4.99553E-3 4.99553E-3 4.94513E-3 4.99553E-3
-9999 -9999 -9999 -9999 -9999 -9999 -9999 -9999 -9999 -9999 -9999 -9999 -9999 -9999 -9999 -9999 -9999 -9999 5.37311E-3 5.37311E-3 5.35682E-3 5.42786E-3 5.41141E-3 5.00075E-3 5.00075E-3 5.30644E-3 5.30644E-3 5.35168E-3 5.35726E-3 5.79156E-3 5.79156E-3 5.79156E-3 5.79156E-3 6.80951E-3 7.46104E-3 8.2086E-3 8.30077E-3 7.44379E-3 6.78238E-3 7.41414E-3 6.39193E-3 5.41186E-3 5.35168E-3 5.35168E-3 5.35168E-3 5.85667E-3 5.45799E-3 5.45799E-3 6.33793E-3 6.26748E-3 7.41414E-3 6.91701E-3 5.79156E-3 5.41186E-3 5.79156E-3 5.35168E-3 5.04339E-3 4.94513E-3 4.6602E-3 4.6602E-3
-9999 -9999 -9999 -9999 -9999 -9999 -9999 -9999 -9999 -9999 -9999 -9999 -9999 -9999 -9999 -9999 -9999 -9999 -9999 -9999 5.35168E-3 5.35168E-3 5.35168E-3 5.30644E-3 5.00075E-3 4.95029E-3 4.95029E-3 5.30644E-3 5.35168E-3 5.74261E-3 6.21453E-3 6.26748E-3 5.79156E-3 5.79156E-3 5.79156E-3 5.79156E-3 5.85667E-3 6.33132E-3 6.33793E-3 5.85667E-3 6.26748E-3 6.26748E-3 5.41186E-3 5.35168E-3 5.35168E-3 5.00075E-3 5.04339E-3 5.45799E-3 5.85667E-3 6.39193E-3 5.90658E-3 6.33132E-3 6.91701E-3 5.90658E-3 5.35168E-3 5.35168E-3 5.04339E-3 4.94513E-3 4.6602E-3 4.6602E-3
-9999 -9999 -9999 -9999 -9999 -9999 -9999 -9999 -9999 -9999 -9999 -9999 -9999 -9999 -9999 -9999 -9999 -9999 -9999 -9999 -9999 -9999 3.65285E-3 4.95029E-3 4.90844E-3 4.95029E-3 4.95029E-3 5.30644E-3 5.35168E-3 5.74261E-3 5.79156E-3 5.79156E-3 5.79156E-3 5.35168E-3 5.79156E-3 6.26748E-3 6.26748E-3 6.33132E-3 6.26748E-3 5.90658E-3 5.41186E-3 5.41186E-3 5.41186E-3 5.35168E-3 5.35168E-3 5.41186E-3 5.41186E-3 6.85859E-3 6.85859E-3 6.85859E-3 6.85144E-3 5.90658E-3 6.78238E-3 5.79156E-3 5.04339E-3 5.40622E-3 5.04339E-3 4.6602E-3 4.6602E-3 4.61597E-3
-9999 -9999 -9999 -9999 -9999 -9999 -9999 -9999 -9999 -9999 -9999 -9999 -9999 -9999 -9999 -9999 -9999 -9999 -9999 -9999 -9999 -9999 -9999 -9999 -9999 -9999 4.95029E-3 5.30644E-3 5.35168E-3 5.68469E-3 5.79156E-3 5.79156E-3 5.79156E-3 5.35168E-3 5.35168E-3 5.45799E-3 5.85667E-3 5.85667E-3 5.79156E-3 5.79156E-3 5.79156E-3 5.79156E-3 5.74261E-3 5.35168E-3 5.35168E-3 5.30644E-3 5.00075E-3 5.35168E-3 5.85667E-3 6.33793E-3 6.33793E-3 6.39193E-3 5.79156E-3 5.40622E-3 5.04339E-3 5.35168E-3 5.00075E-3 4.6602E-3 4.62079E-3 4.61597E-3
-9999 -9999 -9999 -9999 -9999 -9999 -9999 -9999 -9999 -9999 -9999 -9999 -9999 -9999 -9999 -9999 -9999 -9999 -9999 -9999 -9999 -9999 -9999 -9999 -9999 -9999 5.35726E-3 5.30644E-3 5.30644E-3 5.79156E-3 5.79156E-3 5.79156E-3 5.79156E-3 5.41186E-3 5.35168E-3 5.35168E-3 5.35168E-3 5.35168E-3 5.41186E-3 5.79156E-3 5.41186E-3 5.74261E-3 5.79156E-3 5.79156E-3 5.35168E-3 5.00075E-3 5.35168E-3 4.99553E-3 4.94513E-3 5.00075E-3 5.35168E-3 5.85057E-3 5.85057E-3 5.45799E-3 5.41186E-3 5.04339E-3 4.94513E-3 4.6602E-3 4.61597E-3 4.56939E-3
-9999 -9999 -9999 -9999 -9999 -9999 -9999 -9999 -9999 -9999 -9999 -9999 -9999 -9999 -9999 -9999 -9999 -9999 -9999 -9999 -9999 -9999 -9999 -9999 -9999 2.74001E-3 5.35726E-3 5.35726E-3 5.35168E-3 5.35168E-3 5.67877E-3 5.79156E-3 5.79156E-3 5.41186E-3 5.41186E-3 5.35168E-3 5.40622E-3 5.41186E-3 5.35168E-3 5.35168E-3 5.41186E-3 5.41186E-3 5.35168E-3 5.35168E-3 5.35168E-3 5.30644E-3 4.94513E-3 4.94513E-3 4.94513E-3 4.99553E-3 4.99553E-3 5.00075E-3 5.35168E-3 5.35168E-3 5.40622E-3 5.41186E-3 4.94513E-3 4.6602E-3 4.94513E-3 4.62079E-3
